0 0.0703125 0.06640625 0.0703125 0.0703125
0 0.07421875 0.14453125 0.0703125 0.0703125
0 0.07421875 0.2109375 0.0703125 0.0703125
0 0.08203125 0.30078125 0.0703125 0.0703125
0 0.08203125 0.35546875 0.0703125 0.0703125
0 0.0703125 0.421875 0.0703125 0.0703125
0 0.08203125 0.5078125 0.0703125 0.0703125
0 0.0859375 0.5703125 0.0703125 0.0703125
0 0.08203125 0.6484375 0.0703125 0.0703125
0 0.08203125 0.7265625 0.0703125 0.0703125
0 0.08203125 0.79296875 0.0703125 0.0703125
0 0.08203125 0.875 0.0703125 0.0703125
0 0.08203125 0.9375 0.0703125 0.0703125
0 0.14453125 0.90234375 0.0703125 0.0703125
0 0.14453125 0.7734375 0.0703125 0.0703125
0 0.14453125 0.6796875 0.0703125 0.0703125
0 0.14453125 0.6171875 0.0703125 0.0703125
0 0.1484375 0.5390625 0.0703125 0.0703125
0 0.14453125 0.453125 0.0703125 0.0703125
0 0.13671875 0.3828125 0.0703125 0.0703125
0 0.13671875 0.31640625 0.0703125 0.0703125
0 0.140625 0.25390625 0.0703125 0.0703125
0 0.1328125 0.17578125 0.0703125 0.0703125
0 0.1328125 0.109375 0.0703125 0.0703125
0 0.26171875 0.03515625 0.0703125 0.0703125
0 0.26171875 0.109375 0.0703125 0.0703125
0 0.3125 0.14453125 0.0703125 0.0703125
0 0.390625 0.1796875 0.0703125 0.0703125
0 0.44921875 0.21484375 0.0703125 0.0703125
0 0.51171875 0.19140625 0.0703125 0.0703125
0 0.453125 0.13671875 0.0703125 0.0703125
0 0.37890625 0.09765625 0.0703125 0.0703125
0 0.3203125 0.06640625 0.0703125 0.0703125
0 0.1953125 0.0703125 0.0703125 0.0703125
0 0.19140625 0.1484375 0.0703125 0.0703125
0 0.19921875 0.21875 0.0703125 0.0703125
0 0.203125 0.29296875 0.0703125 0.0703125
0 0.203125 0.36328125 0.0703125 0.0703125
0 0.19921875 0.42578125 0.0703125 0.0703125
0 0.203125 0.50390625 0.0703125 0.0703125
0 0.203125 0.58203125 0.0703125 0.0703125
0 0.20703125 0.64453125 0.0703125 0.0703125
0 0.203125 0.7265625 0.0703125 0.0703125
0 0.20703125 0.796875 0.0703125 0.0703125
0 0.2109375 0.87109375 0.0703125 0.0703125
0 0.203125 0.9296875 0.0703125 0.0703125
0 0.26953125 0.828125 0.0703125 0.0703125
0 0.27734375 0.75 0.0703125 0.0703125
0 0.26953125 0.6875 0.0703125 0.0703125
0 0.26171875 0.62109375 0.0703125 0.0703125
0 0.26953125 0.53515625 0.0703125 0.0703125
0 0.26171875 0.46875 0.0703125 0.0703125
0 0.26171875 0.390625 0.0703125 0.0703125
0 0.265625 0.3203125 0.0703125 0.0703125
0 0.26171875 0.26171875 0.0703125 0.0703125
0 0.94140625 0.08203125 0.0703125 0.0703125
0 0.87890625 0.05078125 0.0703125 0.0703125
0 0.8203125 0.07421875 0.0703125 0.0703125
0 0.875 0.11328125 0.0703125 0.0703125
0 0.9453125 0.14453125 0.0703125 0.0703125
0 0.6953125 0.06640625 0.0703125 0.0703125
0 0.76171875 0.09375 0.0703125 0.0703125
0 0.80859375 0.15234375 0.0703125 0.0703125
0 0.8828125 0.1875 0.0703125 0.0703125
0 0.9453125 0.21484375 0.0703125 0.0703125
0 0.51171875 0.0390625 0.0703125 0.0703125
0 0.3828125 0.03515625 0.0703125 0.0703125
0 0.44921875 0.0703125 0.0703125 0.0703125
0 0.5 0.09765625 0.0703125 0.0703125
0 0.57421875 0.140625 0.0703125 0.0703125
0 0.69140625 0.13671875 0.0703125 0.0703125
0 0.625 0.1015625 0.0703125 0.0703125
0 0.62890625 0.17578125 0.0703125 0.0703125
0 0.6953125 0.19921875 0.0703125 0.0703125
0 0.75390625 0.24609375 0.0703125 0.0703125
0 0.94140625 0.28515625 0.0703125 0.0703125
0 0.87890625 0.32421875 0.0703125 0.0703125
0 0.6875 0.28125 0.0703125 0.0703125
0 0.7578125 0.32421875 0.0703125 0.0703125
0 0.828125 0.3671875 0.0703125 0.0703125
0 0.87890625 0.40234375 0.0703125 0.0703125
0 0.93359375 0.42578125 0.0703125 0.0703125
0 0.9453125 0.359375 0.0703125 0.0703125
0 0.515625 0.25 0.0703125 0.0703125
0 0.63671875 0.328125 0.0703125 0.0703125
0 0.69921875 0.35546875 0.0703125 0.0703125
0 0.75390625 0.3984375 0.0703125 0.0703125
0 0.8203125 0.43359375 0.0703125 0.0703125
0 0.87890625 0.46875 0.0703125 0.0703125
0 0.9453125 0.5078125 0.0703125 0.0703125
0 0.328125 0.29296875 0.0703125 0.0703125
0 0.38671875 0.32421875 0.0703125 0.0703125
0 0.4453125 0.35546875 0.0703125 0.0703125
0 0.44921875 0.28125 0.0703125 0.0703125
0 0.515625 0.328125 0.0703125 0.0703125
0 0.515625 0.39453125 0.0703125 0.0703125
0 0.58203125 0.42578125 0.0703125 0.0703125
0 0.62890625 0.3828125 0.0703125 0.0703125
0 0.69921875 0.44140625 0.0703125 0.0703125
0 0.76953125 0.46875 0.0703125 0.0703125
0 0.8203125 0.5 0.0703125 0.0703125
0 0.87890625 0.5390625 0.0703125 0.0703125
0 0.94921875 0.578125 0.0703125 0.0703125
0 0.94921875 0.64453125 0.0703125 0.0703125
0 0.8828125 0.60546875 0.0703125 0.0703125
0 0.8203125 0.578125 0.0703125 0.0703125
0 0.765625 0.546875 0.0703125 0.0703125
0 0.69921875 0.51171875 0.0703125 0.0703125
0 0.63671875 0.47265625 0.0703125 0.0703125
0 0.38671875 0.39453125 0.0703125 0.0703125
0 0.453125 0.4296875 0.0703125 0.0703125
0 0.515625 0.47265625 0.0703125 0.0703125
0 0.63671875 0.53515625 0.0703125 0.0703125
0 0.6953125 0.578125 0.0703125 0.0703125
0 0.76171875 0.61328125 0.0703125 0.0703125
0 0.82421875 0.64453125 0.0703125 0.0703125
0 0.8828125 0.6875 0.0703125 0.0703125
0 0.9609375 0.7265625 0.0703125 0.0703125
0 0.94921875 0.86328125 0.0703125 0.0703125
0 0.89453125 0.8359375 0.0703125 0.0703125
0 0.640625 0.6875 0.0703125 0.0703125
0 0.5703125 0.5859375 0.0703125 0.0703125
0 0.40234375 0.47265625 0.0703125 0.0703125
0 0.515625 0.5390625 0.0703125 0.0703125
0 0.3984375 0.54296875 0.0703125 0.0703125
0 0.3984375 0.62109375 0.0703125 0.0703125
0 0.39453125 0.6796875 0.0703125 0.0703125
0 0.453125 0.57421875 0.0703125 0.0703125
0 0.453125 0.50390625 0.0703125 0.0703125
0 0.453125 0.640625 0.0703125 0.0703125
0 0.515625 0.6953125 0.0703125 0.0703125
0 0.578125 0.66015625 0.0703125 0.0703125
0 0.578125 0.71484375 0.0703125 0.0703125
0 0.63671875 0.765625 0.0703125 0.0703125
0 0.69921875 0.796875 0.0703125 0.0703125
0 0.69921875 0.72265625 0.0703125 0.0703125
0 0.76171875 0.6875 0.0703125 0.0703125
0 0.81640625 0.7265625 0.0703125 0.0703125
0 0.76953125 0.83203125 0.0703125 0.0703125
0 0.82421875 0.8671875 0.0703125 0.0703125
0 0.8828125 0.890625 0.0703125 0.0703125
0 0.9609375 0.9453125 0.0703125 0.0703125
0 0.8203125 0.93359375 0.0703125 0.0703125
0 0.76953125 0.90234375 0.0703125 0.0703125
0 0.70703125 0.8671875 0.0703125 0.0703125
0 0.64453125 0.828125 0.0703125 0.0703125
0 0.58203125 0.79296875 0.0703125 0.0703125
0 0.515625 0.7578125 0.0703125 0.0703125
0 0.44921875 0.72265625 0.0703125 0.0703125
0 0.328125 0.9296875 0.0703125 0.0703125
0 0.44921875 0.80078125 0.0703125 0.0703125
0 0.38671875 0.90625 0.0703125 0.0703125
0 0.515625 0.89453125 0.0703125 0.0703125
0 0.45703125 0.94140625 0.0703125 0.0703125
0 0.57421875 0.9375 0.0703125 0.0703125
0 0.703125 0.93359375 0.0703125 0.0703125
0 0.6328125 0.8984375 0.0703125 0.0703125
