0 0.9296875 0.91015625 0.0703125 0.0703125
0 0.90625 0.0625 0.0703125 0.0703125
0 0.9140625 0.1171875 0.0703125 0.0703125
0 0.9140625 0.28125 0.0703125 0.0703125
0 0.91015625 0.34765625 0.0703125 0.0703125
0 0.9140625 0.41015625 0.0703125 0.0703125
0 0.9140625 0.4765625 0.0703125 0.0703125
0 0.921875 0.55859375 0.0703125 0.0703125
0 0.91796875 0.6328125 0.0703125 0.0703125
0 0.921875 0.69921875 0.0703125 0.0703125
0 0.921875 0.76171875 0.0703125 0.0703125
0 0.921875 0.83984375 0.0703125 0.0703125
0 0.86328125 0.953125 0.0703125 0.0703125
0 0.84375 0.10546875 0.0703125 0.0703125
0 0.84765625 0.16015625 0.0703125 0.0703125
0 0.84765625 0.24609375 0.0703125 0.0703125
0 0.8515625 0.32421875 0.0703125 0.0703125
0 0.84765625 0.390625 0.0703125 0.0703125
0 0.8515625 0.453125 0.0703125 0.0703125
0 0.8515625 0.51953125 0.0703125 0.0703125
0 0.85546875 0.6015625 0.0703125 0.0703125
0 0.8515625 0.67578125 0.0703125 0.0703125
0 0.85546875 0.73828125 0.0703125 0.0703125
0 0.859375 0.8046875 0.0703125 0.0703125
0 0.859375 0.8828125 0.0703125 0.0703125
0 0.78515625 0.0859375 0.0703125 0.0703125
0 0.79296875 0.140625 0.0703125 0.0703125
0 0.79296875 0.1953125 0.0703125 0.0703125
0 0.7890625 0.28125 0.0703125 0.0703125
0 0.78515625 0.3515625 0.0703125 0.0703125
0 0.79296875 0.43359375 0.0703125 0.0703125
0 0.79296875 0.50390625 0.0703125 0.0703125
0 0.80078125 0.5859375 0.0703125 0.0703125
0 0.796875 0.65625 0.0703125 0.0703125
0 0.80078125 0.72265625 0.0703125 0.0703125
0 0.80078125 0.78515625 0.0703125 0.0703125
0 0.80859375 0.91015625 0.0703125 0.0703125
0 0.80078125 0.83984375 0.0703125 0.0703125
0 0.41796875 0.0625 0.0703125 0.0703125
0 0.5390625 0.0625 0.0703125 0.0703125
0 0.7265625 0.0859375 0.0703125 0.0703125
0 0.66796875 0.05859375 0.0703125 0.0703125
0 0.6015625 0.0859375 0.0703125 0.0703125
0 0.60546875 0.16796875 0.0703125 0.0703125
0 0.6640625 0.203125 0.0703125 0.0703125
0 0.66796875 0.26953125 0.0703125 0.0703125
0 0.66796875 0.34765625 0.0703125 0.0703125
0 0.66796875 0.41796875 0.0703125 0.0703125
0 0.66796875 0.484375 0.0703125 0.0703125
0 0.671875 0.55859375 0.0703125 0.0703125
0 0.609375 0.2265625 0.0703125 0.0703125
0 0.6171875 0.3046875 0.0703125 0.0703125
0 0.60546875 0.375 0.0703125 0.0703125
0 0.61328125 0.44140625 0.0703125 0.0703125
0 0.48046875 0.1015625 0.0703125 0.0703125
0 0.4765625 0.1796875 0.0703125 0.0703125
0 0.48046875 0.24609375 0.0703125 0.0703125
0 0.546875 0.1953125 0.0703125 0.0703125
0 0.54296875 0.26953125 0.0703125 0.0703125
0 0.546875 0.3515625 0.0703125 0.0703125
0 0.546875 0.4296875 0.0703125 0.0703125
0 0.546875 0.49609375 0.0703125 0.0703125
0 0.546875 0.578125 0.0703125 0.0703125
0 0.55078125 0.6328125 0.0703125 0.0703125
0 0.41796875 0.12890625 0.0703125 0.0703125
0 0.421875 0.19921875 0.0703125 0.0703125
0 0.421875 0.27734375 0.0703125 0.0703125
0 0.41796875 0.33984375 0.0703125 0.0703125
0 0.4296875 0.41796875 0.0703125 0.0703125
0 0.421875 0.49609375 0.0703125 0.0703125
0 0.421875 0.64453125 0.0703125 0.0703125
0 0.4765625 0.5859375 0.0703125 0.0703125
0 0.484375 0.3671875 0.0703125 0.0703125
0 0.48828125 0.46484375 0.0703125 0.0703125
0 0.484375 0.671875 0.0703125 0.0703125
0 0.484375 0.734375 0.0703125 0.0703125
0 0.42578125 0.703125 0.0703125 0.0703125
0 0.296875 0.06640625 0.0703125 0.0703125
0 0.296875 0.13671875 0.0703125 0.0703125
0 0.29296875 0.21484375 0.0703125 0.0703125
0 0.29296875 0.27734375 0.0703125 0.0703125
0 0.29296875 0.3515625 0.0703125 0.0703125
0 0.29296875 0.4140625 0.0703125 0.0703125
0 0.296875 0.48046875 0.0703125 0.0703125
0 0.296875 0.56640625 0.0703125 0.0703125
0 0.296875 0.6484375 0.0703125 0.0703125
0 0.30078125 0.71484375 0.0703125 0.0703125
0 0.30078125 0.78515625 0.0703125 0.0703125
0 0.296875 0.84765625 0.0703125 0.0703125
0 0.37109375 0.82421875 0.0703125 0.0703125
0 0.3671875 0.7421875 0.0703125 0.0703125
0 0.35546875 0.66796875 0.0703125 0.0703125
0 0.359375 0.6015625 0.0703125 0.0703125
0 0.36328125 0.5234375 0.0703125 0.0703125
0 0.36328125 0.44921875 0.0703125 0.0703125
0 0.36328125 0.38671875 0.0703125 0.0703125
0 0.36328125 0.32421875 0.0703125 0.0703125
0 0.35546875 0.234375 0.0703125 0.0703125
0 0.359375 0.16796875 0.0703125 0.0703125
0 0.359375 0.109375 0.0703125 0.0703125
0 0.35546875 0.04296875 0.0703125 0.0703125
0 0.6796875 0.6953125 0.0703125 0.0703125
0 0.61328125 0.73828125 0.0703125 0.0703125
0 0.60546875 0.8125 0.0703125 0.0703125
0 0.5546875 0.78125 0.0703125 0.0703125
0 0.7421875 0.9453125 0.0703125 0.0703125
0 0.61328125 0.9453125 0.0703125 0.0703125
0 0.55078125 0.9140625 0.0703125 0.0703125
0 0.48828125 0.88671875 0.0703125 0.0703125
0 0.421875 0.921875 0.0703125 0.0703125
0 0.37109375 0.953125 0.0703125 0.0703125
0 0.3046875 0.92578125 0.0703125 0.0703125
0 0.2421875 0.94921875 0.0703125 0.0703125
0 0.25 0.88671875 0.0703125 0.0703125
0 0.24609375 0.80859375 0.0703125 0.0703125
0 0.2421875 0.67578125 0.0703125 0.0703125
0 0.23828125 0.6015625 0.0703125 0.0703125
0 0.24609375 0.53125 0.0703125 0.0703125
0 0.2421875 0.46875 0.0703125 0.0703125
0 0.25 0.32421875 0.0703125 0.0703125
0 0.23828125 0.2421875 0.0703125 0.0703125
0 0.234375 0.18359375 0.0703125 0.0703125
0 0.234375 0.109375 0.0703125 0.0703125
0 0.171875 0.06640625 0.0703125 0.0703125
0 0.171875 0.1328125 0.0703125 0.0703125
0 0.171875 0.3515625 0.0703125 0.0703125
0 0.17578125 0.4296875 0.0703125 0.0703125
0 0.16796875 0.49609375 0.0703125 0.0703125
0 0.17578125 0.56640625 0.0703125 0.0703125
0 0.1796875 0.64453125 0.0703125 0.0703125
0 0.1796875 0.9140625 0.0703125 0.0703125
0 0.1171875 0.88671875 0.0703125 0.0703125
0 0.1171875 0.66796875 0.0703125 0.0703125
0 0.125 0.53125 0.0703125 0.0703125
0 0.1171875 0.4609375 0.0703125 0.0703125
0 0.1171875 0.38671875 0.0703125 0.0703125
0 0.10546875 0.31640625 0.0703125 0.0703125
0 0.109375 0.2578125 0.0703125 0.0703125
0 0.10546875 0.1796875 0.0703125 0.0703125
0 0.10546875 0.10546875 0.0703125 0.0703125
0 0.046875 0.44140625 0.0703125 0.0703125
0 0.046875 0.35546875 0.0703125 0.0703125
0 0.046875 0.28125 0.0703125 0.0703125
0 0.04296875 0.21484375 0.0703125 0.0703125
0 0.04296875 0.140625 0.0703125 0.0703125
0 0.046875 0.07421875 0.0703125 0.0703125
0 0.05078125 0.5 0.0703125 0.0703125
0 0.0546875 0.57421875 0.0703125 0.0703125
0 0.05078125 0.640625 0.0703125 0.0703125
0 0.05078125 0.77734375 0.0703125 0.0703125
0 0.0625 0.8515625 0.0703125 0.0703125
0 0.05859375 0.921875 0.0703125 0.0703125
0 0.2421875 0.3828125 0.0703125 0.0703125
0 0.1171875 0.75 0.0703125 0.0703125
0 0.171875 0.7109375 0.0703125 0.0703125
0 0.12109375 0.81640625 0.0703125 0.0703125
0 0.171875 0.28515625 0.0703125 0.0703125
