0 0.91015625 0.14453125 0.0703125 0.0703125
0 0.91015625 0.203125 0.0703125 0.0703125
0 0.91015625 0.2890625 0.0703125 0.0703125
0 0.91015625 0.359375 0.0703125 0.0703125
0 0.90625 0.42578125 0.0703125 0.0703125
0 0.9140625 0.49609375 0.0703125 0.0703125
0 0.91015625 0.65234375 0.0703125 0.0703125
0 0.91015625 0.578125 0.0703125 0.0703125
0 0.91796875 0.86328125 0.0703125 0.0703125
0 0.91015625 0.73046875 0.0703125 0.0703125
0 0.9140625 0.80078125 0.0703125 0.0703125
0 0.84375 0.1640625 0.0703125 0.0703125
0 0.84765625 0.234375 0.0703125 0.0703125
0 0.84765625 0.31640625 0.0703125 0.0703125
0 0.84765625 0.38671875 0.0703125 0.0703125
0 0.84375 0.45703125 0.0703125 0.0703125
0 0.8515625 0.52734375 0.0703125 0.0703125
0 0.84765625 0.68359375 0.0703125 0.0703125
0 0.84765625 0.60546875 0.0703125 0.0703125
0 0.85546875 0.890625 0.0703125 0.0703125
0 0.8515625 0.76171875 0.0703125 0.0703125
0 0.8515625 0.83203125 0.0703125 0.0703125
0 0.65625 0.21484375 0.0703125 0.0703125
0 0.65625 0.27734375 0.0703125 0.0703125
0 0.671875 0.4140625 0.0703125 0.0703125
0 0.671875 0.48046875 0.0703125 0.0703125
0 0.67578125 0.55078125 0.0703125 0.0703125
0 0.67578125 0.70703125 0.0703125 0.0703125
0 0.671875 0.6328125 0.0703125 0.0703125
0 0.6796875 0.9140625 0.0703125 0.0703125
0 0.67578125 0.78515625 0.0703125 0.0703125
0 0.67578125 0.85546875 0.0703125 0.0703125
0 0.60546875 0.1796875 0.0703125 0.0703125
0 0.60546875 0.23828125 0.0703125 0.0703125
0 0.60546875 0.32421875 0.0703125 0.0703125
0 0.6015625 0.39453125 0.0703125 0.0703125
0 0.6015625 0.4609375 0.0703125 0.0703125
0 0.609375 0.53125 0.0703125 0.0703125
0 0.60546875 0.6875 0.0703125 0.0703125
0 0.60546875 0.61328125 0.0703125 0.0703125
0 0.61328125 0.89453125 0.0703125 0.0703125
0 0.60546875 0.765625 0.0703125 0.0703125
0 0.609375 0.8359375 0.0703125 0.0703125
0 0.53515625 0.2109375 0.0703125 0.0703125
0 0.53515625 0.2734375 0.0703125 0.0703125
0 0.53515625 0.35546875 0.0703125 0.0703125
0 0.53515625 0.42578125 0.0703125 0.0703125
0 0.53125 0.49609375 0.0703125 0.0703125
0 0.5390625 0.56640625 0.0703125 0.0703125
0 0.53515625 0.71875 0.0703125 0.0703125
0 0.53515625 0.64453125 0.0703125 0.0703125
0 0.54296875 0.9296875 0.0703125 0.0703125
0 0.53515625 0.796875 0.0703125 0.0703125
0 0.5390625 0.87109375 0.0703125 0.0703125
0 0.46875 0.2421875 0.0703125 0.0703125
0 0.4765625 0.3125 0.0703125 0.0703125
0 0.48046875 0.39453125 0.0703125 0.0703125
0 0.4765625 0.46484375 0.0703125 0.0703125
0 0.48046875 0.54296875 0.0703125 0.0703125
0 0.48828125 0.609375 0.0703125 0.0703125
0 0.48828125 0.67578125 0.0703125 0.0703125
0 0.48828125 0.75390625 0.0703125 0.0703125
0 0.4921875 0.828125 0.0703125 0.0703125
0 0.48828125 0.89453125 0.0703125 0.0703125
0 0.40625 0.203125 0.0703125 0.0703125
0 0.41796875 0.28515625 0.0703125 0.0703125
0 0.41796875 0.36328125 0.0703125 0.0703125
0 0.421875 0.4296875 0.0703125 0.0703125
0 0.421875 0.5078125 0.0703125 0.0703125
0 0.421875 0.56640625 0.0703125 0.0703125
0 0.43359375 0.65234375 0.0703125 0.0703125
0 0.4296875 0.71875 0.0703125 0.0703125
0 0.42578125 0.79296875 0.0703125 0.0703125
0 0.42578125 0.859375 0.0703125 0.0703125
0 0.3671875 0.8203125 0.0703125 0.0703125
0 0.3671875 0.74609375 0.0703125 0.0703125
0 0.37109375 0.6875 0.0703125 0.0703125
0 0.296875 0.64453125 0.0703125 0.0703125
0 0.30078125 0.56640625 0.0703125 0.0703125
0 0.29296875 0.5078125 0.0703125 0.0703125
0 0.35546875 0.39453125 0.0703125 0.0703125
0 0.35546875 0.46484375 0.0703125 0.0703125
0 0.35546875 0.5234375 0.0703125 0.0703125
0 0.359375 0.6171875 0.0703125 0.0703125
0 0.2890625 0.421875 0.0703125 0.0703125
0 0.296875 0.35546875 0.0703125 0.0703125
0 0.296875 0.2890625 0.0703125 0.0703125
0 0.29296875 0.21875 0.0703125 0.0703125
0 0.23046875 0.25390625 0.0703125 0.0703125
0 0.234375 0.30859375 0.0703125 0.0703125
0 0.23828125 0.390625 0.0703125 0.0703125
0 0.23046875 0.61328125 0.0703125 0.0703125
0 0.23046875 0.68359375 0.0703125 0.0703125
0 0.234375 0.75390625 0.0703125 0.0703125
0 0.16796875 0.2109375 0.0703125 0.0703125
0 0.171875 0.35546875 0.0703125 0.0703125
0 0.16015625 0.43359375 0.0703125 0.0703125
0 0.1640625 0.50390625 0.0703125 0.0703125
0 0.10546875 0.18359375 0.0703125 0.0703125
0 0.109375 0.25 0.0703125 0.0703125
0 0.109375 0.39453125 0.0703125 0.0703125
0 0.11328125 0.46484375 0.0703125 0.0703125
0 0.10546875 0.54296875 0.0703125 0.0703125
0 0.109375 0.609375 0.0703125 0.0703125
0 0.109375 0.6875 0.0703125 0.0703125
0 0.1171875 0.76171875 0.0703125 0.0703125
0 0.1796875 0.8671875 0.0703125 0.0703125
0 0.12109375 0.90234375 0.0703125 0.0703125
0 0.0390625 0.15234375 0.0703125 0.0703125
0 0.046875 0.21484375 0.0703125 0.0703125
0 0.046875 0.296875 0.0703125 0.0703125
0 0.04296875 0.36328125 0.0703125 0.0703125
0 0.05078125 0.43359375 0.0703125 0.0703125
0 0.046875 0.578125 0.0703125 0.0703125
0 0.046875 0.65234375 0.0703125 0.0703125
0 0.0546875 0.71875 0.0703125 0.0703125
0 0.05078125 0.7890625 0.0703125 0.0703125
0 0.05078125 0.8671875 0.0703125 0.0703125
0 0.78125 0.1328125 0.0703125 0.0703125
0 0.78125 0.2109375 0.0703125 0.0703125
0 0.78515625 0.2734375 0.0703125 0.0703125
0 0.79296875 0.421875 0.0703125 0.0703125
0 0.79296875 0.4921875 0.0703125 0.0703125
0 0.79296875 0.5625 0.0703125 0.0703125
0 0.7890625 0.6484375 0.0703125 0.0703125
0 0.72265625 0.671875 0.0703125 0.0703125
0 0.78515625 0.71875 0.0703125 0.0703125
0 0.7265625 0.74609375 0.0703125 0.0703125
0 0.79296875 0.78515625 0.0703125 0.0703125
0 0.73046875 0.8203125 0.0703125 0.0703125
0 0.796875 0.85546875 0.0703125 0.0703125
0 0.73046875 0.8984375 0.0703125 0.0703125
0 0.796875 0.9296875 0.0703125 0.0703125
0 0.92578125 0.921875 0.0703125 0.0703125
0 0.4296875 0.9296875 0.0703125 0.0703125
0 0.3671875 0.8984375 0.0703125 0.0703125
0 0.73046875 0.45703125 0.0703125 0.0703125
0 0.72265625 0.3125 0.0703125 0.0703125
0 0.72265625 0.38671875 0.0703125 0.0703125
0 0.71875 0.16796875 0.0703125 0.0703125
0 0.65625 0.140625 0.0703125 0.0703125
0 0.296875 0.84765625 0.0703125 0.0703125
0 0.3046875 0.921875 0.0703125 0.0703125
0 0.4921875 0.9609375 0.0703125 0.0703125
