0 0.46875 0.14453125 0.0703125 0.0703125
0 0.46484375 0.28125 0.0703125 0.0703125
0 0.53125 0.2421875 0.0703125 0.0703125
0 0.51953125 0.11328125 0.0703125 0.0703125
0 0.5859375 0.140625 0.0703125 0.0703125
0 0.5859375 0.28515625 0.0703125 0.0703125
0 0.46484375 0.36328125 0.0703125 0.0703125
0 0.52734375 0.39453125 0.0703125 0.0703125
0 0.46484375 0.43359375 0.0703125 0.0703125
0 0.5234375 0.47265625 0.0703125 0.0703125
0 0.5234375 0.328125 0.0703125 0.0703125
0 0.59375 0.359375 0.0703125 0.0703125
0 0.58984375 0.42578125 0.0703125 0.0703125
0 0.58984375 0.5078125 0.0703125 0.0703125
0 0.58984375 0.5703125 0.0703125 0.0703125
0 0.65234375 0.2421875 0.0703125 0.0703125
0 0.64453125 0.31640625 0.0703125 0.0703125
0 0.65234375 0.390625 0.0703125 0.0703125
0 0.65234375 0.46484375 0.0703125 0.0703125
0 0.65625 0.609375 0.0703125 0.0703125
0 0.33203125 0.07421875 0.0703125 0.0703125
0 0.3359375 0.14453125 0.0703125 0.0703125
0 0.33203125 0.21484375 0.0703125 0.0703125
0 0.34375 0.2890625 0.0703125 0.0703125
0 0.33984375 0.36328125 0.0703125 0.0703125
0 0.40625 0.328125 0.0703125 0.0703125
0 0.4609375 0.21484375 0.0703125 0.0703125
0 0.40234375 0.40625 0.0703125 0.0703125
0 0.33984375 0.44140625 0.0703125 0.0703125
0 0.34375 0.51171875 0.0703125 0.0703125
0 0.41015625 0.54296875 0.0703125 0.0703125
0 0.40234375 0.46484375 0.0703125 0.0703125
0 0.40625 0.61328125 0.0703125 0.0703125
0 0.33984375 0.58203125 0.0703125 0.0703125
0 0.26953125 0.10546875 0.0703125 0.0703125
0 0.26953125 0.17578125 0.0703125 0.0703125
0 0.28125 0.2578125 0.0703125 0.0703125
0 0.2734375 0.3984375 0.0703125 0.0703125
0 0.2734375 0.47265625 0.0703125 0.0703125
0 0.28125 0.54296875 0.0703125 0.0703125
0 0.2109375 0.51171875 0.0703125 0.0703125
0 0.2109375 0.3671875 0.0703125 0.0703125
0 0.2109375 0.2890625 0.0703125 0.0703125
0 0.21484375 0.21875 0.0703125 0.0703125
0 0.2109375 0.14453125 0.0703125 0.0703125
0 0.20703125 0.078125 0.0703125 0.0703125
0 0.15234375 0.1171875 0.0703125 0.0703125
0 0.15234375 0.17578125 0.0703125 0.0703125
0 0.15234375 0.26171875 0.0703125 0.0703125
0 0.1484375 0.33203125 0.0703125 0.0703125
0 0.1484375 0.3984375 0.0703125 0.0703125
0 0.15625 0.46875 0.0703125 0.0703125
0 0.2109375 0.578125 0.0703125 0.0703125
0 0.15234375 0.625 0.0703125 0.0703125
0 0.22265625 0.65234375 0.0703125 0.0703125
0 0.34375 0.6484375 0.0703125 0.0703125
0 0.2734375 0.61328125 0.0703125 0.0703125
0 0.47265625 0.51953125 0.0703125 0.0703125
0 0.46875 0.5859375 0.0703125 0.0703125
0 0.46875 0.65234375 0.0703125 0.0703125
0 0.52734375 0.6171875 0.0703125 0.0703125
0 0.59375 0.640625 0.0703125 0.0703125
0 0.53125 0.6875 0.0703125 0.0703125
0 0.15234375 0.55078125 0.0703125 0.0703125
0 0.65625 0.68359375 0.0703125 0.0703125
0 0.46875 0.73046875 0.0703125 0.0703125
0 0.41015625 0.75390625 0.0703125 0.0703125
0 0.41015625 0.68359375 0.0703125 0.0703125
0 0.34765625 0.72265625 0.0703125 0.0703125
0 0.27734375 0.6875 0.0703125 0.0703125
0 0.27734375 0.76171875 0.0703125 0.0703125
0 0.21484375 0.44140625 0.0703125 0.0703125
0 0.0859375 0.2109375 0.0703125 0.0703125
0 0.08984375 0.36328125 0.0703125 0.0703125
0 0.08984375 0.44921875 0.0703125 0.0703125
0 0.09765625 0.5859375 0.0703125 0.0703125
0 0.03515625 0.765625 0.0703125 0.0703125
0 0.08984375 0.6484375 0.0703125 0.0703125
0 0.08984375 0.73046875 0.0703125 0.0703125
0 0.09375 0.80078125 0.0703125 0.0703125
0 0.16015625 0.83203125 0.0703125 0.0703125
0 0.21875 0.7265625 0.0703125 0.0703125
0 0.3515625 0.796875 0.0703125 0.0703125
0 0.65234375 0.81640625 0.0703125 0.0703125
0 0.59375 0.78515625 0.0703125 0.0703125
0 0.65625 0.8984375 0.0703125 0.0703125
0 0.59765625 0.859375 0.0703125 0.0703125
0 0.59375 0.94140625 0.0703125 0.0703125
0 0.53125 0.82421875 0.0703125 0.0703125
0 0.53125 0.89453125 0.0703125 0.0703125
0 0.46875 0.86328125 0.0703125 0.0703125
0 0.47265625 0.9375 0.0703125 0.0703125
0 0.34765625 0.87109375 0.0703125 0.0703125
0 0.3515625 0.9453125 0.0703125 0.0703125
0 0.28515625 0.83203125 0.0703125 0.0703125
0 0.2890625 0.90234375 0.0703125 0.0703125
0 0.22265625 0.87890625 0.0703125 0.0703125
0 0.2265625 0.94921875 0.0703125 0.0703125
0 0.1640625 0.91796875 0.0703125 0.0703125
0 0.09375 0.8671875 0.0703125 0.0703125
0 0.09765625 0.9375 0.0703125 0.0703125
0 0.03515625 0.8515625 0.0703125 0.0703125
0 0.0390625 0.92578125 0.0703125 0.0703125
0 0.15625 0.69140625 0.0703125 0.0703125
0 0.15625 0.765625 0.0703125 0.0703125
0 0.21875 0.80078125 0.0703125 0.0703125
0 0.59375 0.71484375 0.0703125 0.0703125
0 0.53125 0.7578125 0.0703125 0.0703125
0 0.41015625 0.83203125 0.0703125 0.0703125
0 0.46875 0.796875 0.0703125 0.0703125
0 0.08984375 0.51171875 0.0703125 0.0703125
0 0.5859375 0.203125 0.0703125 0.0703125
