0 0.206936 0.408433 0.0686983 0.0691322
0 0.800716 0.488202 0.0726271 0.0676711
0 0.737514 0.519604 0.0667977 0.0700564
0 0.862836 0.663886 0.0696591 0.0684226
0 0.111373 0.597141 0.0667692 0.073457
0 0.0264331 0.428652 0.0528662 0.0730221
0 0.0816869 0.397926 0.0702109 0.0728114
0 0.610938 0.948201 0.0673032 0.0699024
0 0.27185 0.377762 0.0664852 0.0670375
0 0.331712 0.422381 0.0716264 0.072679
0 0.548999 0.192521 0.0702829 0.0703938
0 0.485428 0.521832 0.0673719 0.067773
0 0.60905 0.234761 0.0688608 0.073197
0 0.110797 0.671327 0.0663425 0.0699866
0 0.862425 0.52658 0.0678928 0.0704523
0 0.23559 0.875411 0.0662254 0.067719
0 0.182873 0.0806554 0.0729202 0.0710397
0 0.17275 0.557999 0.0666176 0.0697262
0 0.297743 0.166368 0.0681094 0.0737308
0 0.820333 0.0839379 0.0699902 0.0688524
0 0.857697 0.268144 0.0701041 0.0716001
0 0.235816 0.525518 0.0708543 0.066228
0 0.798616 0.22416 0.068279 0.0698298
0 0.361611 0.669308 0.0679427 0.0695813
0 0.236289 0.810356 0.066921 0.0653557
0 0.716448 0.391033 0.073354 0.0700258
0 0.524184 0.40434 0.0691254 0.0662714
0 0.487574 0.66693 0.0686775 0.067256
0 0.23176 0.192291 0.0732963 0.0700758
0 0.738788 0.9493 0.0695975 0.0660698
0 0.673682 0.207548 0.0702541 0.0693872
0 0.801569 0.916411 0.0688848 0.0694377
0 0.425034 0.635473 0.0691975 0.0673294
0 0.364349 0.135149 0.0710909 0.0702557
0 0.924216 0.239609 0.0700386 0.071092
0 0.173631 0.636779 0.0693192 0.0741951
0 0.11172 0.7394 0.0679662 0.067396
0 0.424069 0.176348 0.069732 0.0703578
0 0.424429 0.560922 0.0684727 0.0740545
0 0.358467 0.205992 0.0716947 0.0732102
0 0.90522 0.378993 0.0722992 0.0717032
0 0.614583 0.16319 0.0687375 0.0731268
0 0.864314 0.198586 0.071269 0.0732794
0 0.540558 0.26466 0.0727139 0.074904
0 0.549444 0.844682 0.0682921 0.0680003
0 0.300986 0.769889 0.0706499 0.0703286
0 0.757927 0.0387719 0.0779467 0.0758037
0 0.549517 0.910545 0.068475 0.0696659
0 0.360599 0.524582 0.0691966 0.0677661
0 0.612355 0.73827 0.0690122 0.0679131
0 0.363146 0.950564 0.0696668 0.0683517
0 0.487547 0.951922 0.0690355 0.0709392
0 0.550888 0.974261 0.0716453 0.0514789
0 0.300987 0.703103 0.0686288 0.0671388
0 0.268017 0.438483 0.0644196 0.0585589
0 0.737839 0.179152 0.0709167 0.0709543
0 0.674648 0.91384 0.0702562 0.069392
0 0.676433 0.974262 0.0755447 0.0514764
0 0.111808 0.526613 0.0678299 0.0660121
0 0.550163 0.631319 0.0697987 0.073961
0 0.800685 0.701001 0.0679388 0.0681705
0 0.550284 0.704253 0.0699859 0.0708477
0 0.297983 0.557315 0.0651879 0.0665611
0 0.488428 0.737272 0.0693768 0.0702462
0 0.668642 0.279547 0.0709666 0.0808263
0 0.175083 0.916707 0.0681087 0.0714782
0 0.976489 0.736616 0.0470219 0.0738356
0 0.427025 0.975353 0.0728015 0.0492932
0 0.108637 0.178618 0.071412 0.0717775
0 0.613087 0.669353 0.0699813 0.0730307
0 0.174893 0.706317 0.0702876 0.0684705
0 0.299977 0.632546 0.0685745 0.0747547
0 0.362545 0.737863 0.0687701 0.0692859
0 0.976401 0.210093 0.0471988 0.0730025
0 0.400494 0.392337 0.0780407 0.0723016
0 0.238331 0.122136 0.0696328 0.0716456
0 0.736896 0.588895 0.0671015 0.0663617
0 0.676142 0.631495 0.0708256 0.0759946
0 0.61175 0.803793 0.0680752 0.0669787
0 0.675493 0.705016 0.0705748 0.0710517
0 0.144169 0.435181 0.0695007 0.0688831
0 0.237524 0.740487 0.0678213 0.0719115
0 0.0527821 0.974406 0.072585 0.0511879
0 0.548548 0.556616 0.0682464 0.0720522
0 0.486743 0.591979 0.0684419 0.0752003
0 0.925667 0.696145 0.0700172 0.0748274
0 0.237166 0.595614 0.0706648 0.0743594
0 0.04996 0.705857 0.0700691 0.0686653
0 0.487429 0.880183 0.0685543 0.0683563
0 0.589658 0.377314 0.0672606 0.0695837
0 0.738698 0.736272 0.0709651 0.0705407
0 0.487963 0.808953 0.0689358 0.0734656
0 0.613324 0.593979 0.0695339 0.0697592
0 0.468822 0.360251 0.0750419 0.0689412
0 0.238324 0.670816 0.0707951 0.0706234
0 0.0506791 0.635167 0.0700336 0.0738147
0 0.300155 0.842566 0.0718573 0.0723364
0 0.542519 0.486001 0.0645934 0.0723408
0 0.730873 0.251754 0.0736529 0.0745226
0 0.174817 0.14955 0.0700353 0.0683728
0 0.114874 0.951716 0.0713602 0.073307
0 0.784833 0.362725 0.0749929 0.0675039
0 0.437156 0.109508 0.0731489 0.0690113
0 0.738478 0.664924 0.0697551 0.0719253
0 0.976508 0.525907 0.0469837 0.0664122
0 0.611548 0.877707 0.0683225 0.0696597
0 0.976247 0.808973 0.0475054 0.0713758
0 0.293534 0.238795 0.0687077 0.073218
0 0.960978 0.422743 0.0693491 0.0699489
0 0.738146 0.802918 0.0698218 0.0670352
0 0.738247 0.87685 0.0702055 0.076678
0 0.339423 0.351469 0.0692122 0.070305
0 0.947678 0.0307644 0.0754225 0.0615287
0 0.600633 0.305836 0.0739512 0.0682028
0 0.115483 0.10933 0.0712654 0.0712775
0 0.883727 0.0540177 0.0738375 0.0720204
0 0.174775 0.844851 0.0689649 0.0672256
0 0.425629 0.916265 0.0693328 0.071471
0 0.304563 0.0915336 0.0686063 0.0709706
0 0.251983 0.0482257 0.0743392 0.0705895
0 0.675502 0.557135 0.0684764 0.0710038
0 0.302908 0.974674 0.072699 0.0506519
0 0.0490766 0.134517 0.0699788 0.0665657
0 0.111611 0.805423 0.0676142 0.0659745
0 0.79159 0.295697 0.0729424 0.074646
0 0.487186 0.148448 0.0697257 0.0690737
0 0.300236 0.913811 0.0703207 0.0680473
0 0.612656 0.522417 0.0699615 0.0740067
0 0.483838 0.219177 0.0716093 0.0800624
0 0.113371 0.875296 0.0688333 0.0694969
0 0.361685 0.595374 0.0695183 0.0725207
0 0.168671 0.222696 0.0707532 0.0766464
0 0.178022 0.975633 0.0719301 0.0482339
0 0.674823 0.840992 0.0697184 0.0719295
0 0.675052 0.771064 0.0696658 0.0662496
0 0.913535 0.306612 0.0724807 0.0716931
0 0.632418 0.0287093 0.0734786 0.0574186
0 0.926182 0.563048 0.0693057 0.0672688
0 0.535297 0.334474 0.0718936 0.0710627
0 0.0496064 0.839469 0.0702486 0.0696199
0 0.425928 0.703534 0.0708872 0.0700898
0 0.363524 0.87967 0.0693712 0.0708692
0 0.549917 0.771788 0.0683126 0.0668671
0 0.147295 0.366732 0.0708745 0.0678333
0 0.926421 0.62736 0.0689516 0.0659996
0 0.425494 0.774592 0.0688062 0.0710378
0 0.972668 0.28484 0.0546644 0.0784723
0 0.17487 0.775763 0.069457 0.072906
0 0.218211 0.334396 0.0780264 0.072414
0 0.569081 0.0485756 0.0746315 0.0715889
0 0.0507317 0.910879 0.071435 0.0748131
0 0.418446 0.249133 0.0688609 0.0768006
0 0.0546298 0.0657006 0.0716627 0.0715905
0 0.049541 0.561117 0.0703425 0.0686769
0 0.929218 0.167621 0.071275 0.073279
0 0.0344882 0.281261 0.0689173 0.0765584
0 0.425538 0.844054 0.0693457 0.0686476
0 0.0492572 0.771409 0.0695539 0.0663353
0 0.0426323 0.207991 0.0713211 0.0766748
0 0.122372 0.0397896 0.0759259 0.0752198
0 0.80051 0.630746 0.0690995 0.073601
0 0.286838 0.307004 0.0729823 0.0656526
0 0.725039 0.325635 0.0732317 0.072288
0 0.646481 0.413991 0.0687435 0.0584956
0 0.363363 0.810962 0.0691296 0.0682561
0 0.238644 0.953256 0.07176 0.0749371
0 0.316174 0.027724 0.0720448 0.0554479
0 0.849934 0.33897 0.0708754 0.0729572
0 0.684232 0.136606 0.0752382 0.0755126
0 0.409275 0.323242 0.0725973 0.0712102
0 0.976701 0.660145 0.046598 0.0730971
0 0.658527 0.352172 0.0740241 0.0687262
0 0.439892 0.0385508 0.0822978 0.0761161
0 0.157428 0.295409 0.0774729 0.0714602
0 0.474746 0.292924 0.0745298 0.0725373
0 0.502373 0.07887 0.0758421 0.0734957
0 0.0896362 0.328946 0.0772796 0.0718645
0 0.946622 0.0981966 0.0744686 0.0735819
0 0.0977843 0.254704 0.0737493 0.0727799
0 0.982167 0.132954 0.0356667 0.0708614
0 0.823709 0.0242082 0.0697891 0.0484164
0 0.812275 0.150172 0.0724351 0.0675351
0 0.864315 0.594966 0.0706054 0.0667777
0 0.629383 0.0859563 0.0744953 0.068388
0 0.800624 0.77055 0.0681438 0.0706744
0 0.562839 0.118092 0.0763593 0.0696287
0 0.504856 0.021373 0.0776675 0.042746
0 0.0297969 0.357687 0.0595938 0.0741295
0 0.753045 0.109419 0.0759492 0.0733053
0 0.694209 0.0628386 0.0760027 0.0754954
0 0.974657 0.950378 0.0506864 0.0778325
0 0.462635 0.430158 0.0714933 0.0671717
0 0.353734 0.278744 0.0715392 0.0708665
0 0.873675 0.125519 0.0678267 0.0708215
0 0.0480587 0.491657 0.0729013 0.0729555
0 0.377555 0.0665962 0.0770998 0.0770213
0 0.695668 0.0145037 0.0735328 0.0290073
0 0.986105 0.067957 0.0271641 0.0763035
0 0.965449 0.354957 0.0639794 0.0685323
0 0.0137525 0.673133 0.027505 0.0684358
0 0.679396 0.483157 0.0787935 0.0746369
0 0.0129012 0.948156 0.0258024 0.0641959
0 0.0117147 0.803962 0.0234294 0.0645592
0 0.0145209 0.102343 0.0290417 0.0715521
0 0.225993 0.265414 0.0754402 0.0754572
0 0.0131377 0.599689 0.0262753 0.0716028
0 0.379093 0.0151145 0.0721462 0.0297152
0 0.171718 0.493618 0.0624595 0.0596641
0 0.0151949 0.187316 0.0303897 0.0908462
0 0.97368 0.87682 0.0526409 0.0675578
0 0.925587 0.770537 0.0751586 0.071574
0 0.0586565 0.0173756 0.0730082 0.0332048
0 0.0160185 0.0313908 0.032037 0.0627817
0 0.0133175 0.881365 0.026635 0.075166
0 0.800356 0.841513 0.0686986 0.0691746
0 0.0120219 0.738487 0.0240437 0.0633891
0 0.976631 0.592605 0.0467383 0.0688066
0 0.253568 0.0123008 0.068677 0.0246016
0 0.77705 0.429242 0.0710542 0.0672643
0 0.568546 0.0202541 0.0746368 0.0405082
0 0.121479 0.12003 0.0778694 0.0852579
0 0.585736 0.439175 0.0648365 0.0600567
0 0.012586 0.526468 0.0251721 0.0698637
0 0.692067 0.477738 0.0876795 0.102185
0 0.373692 0.194143 0.0975833 0.0771019
0 0.300405 0.493876 0.0665432 0.0640918
0 0.842444 0.404966 0.0712919 0.0652764
0 0.497073 0.208718 0.0939772 0.0700074
0 0.363946 0.970856 0.0686089 0.0544119
0 0.0450515 0.194165 0.0704157 0.0693584
0 0.982807 0.020521 0.0343858 0.0410421
0 0.488291 0.723307 0.0676261 0.0682048
0 0.301768 0.718298 0.0697715 0.0727718
0 0.213105 0.176649 0.0873556 0.0967393
0 0.252685 0.184879 0.0988842 0.0719864
0 0.423853 0.495618 0.0637233 0.0586684
0 0.149837 0.160011 0.111981 0.0860139
