0 0.824842 0.620947 0.064235 0.0668164
0 0.522831 0.212844 0.071629 0.0748359
0 0.278334 0.743004 0.0745065 0.0743823
0 0.953478 0.616541 0.0697066 0.0741022
0 0.460502 0.248366 0.0734353 0.0739425
0 0.765501 0.588638 0.0667121 0.0749649
0 0.887856 0.655805 0.0714407 0.0692933
0 0.525449 0.0172549 0.0740052 0.0345099
0 0.517207 0.517955 0.067284 0.0748676
0 0.896987 0.424126 0.0714135 0.0684743
0 0.526317 0.430752 0.0738455 0.0747289
0 0.952786 0.688815 0.0689652 0.0714885
0 0.272874 0.4296 0.0707948 0.0751805
0 0.645914 0.804435 0.0686755 0.0730062
0 0.647326 0.944886 0.0697572 0.0753739
0 0.15247 0.431694 0.0756816 0.0756645
0 0.889089 0.726504 0.0694438 0.0718946
0 0.399675 0.142527 0.0692564 0.0690913
0 0.765953 0.730798 0.0652648 0.0675671
0 0.954088 0.763486 0.067802 0.0726262
0 0.956887 0.0353339 0.0703511 0.0680129
0 0.76833 0.802354 0.067428 0.0686457
0 0.031372 0.433631 0.062744 0.0814625
0 0.584697 0.0373447 0.0688117 0.0635994
0 0.702943 0.553952 0.0697141 0.0726881
0 0.0865242 0.564723 0.07386 0.0796497
0 0.456292 0.558638 0.0682476 0.0727099
0 0.957599 0.32178 0.0678847 0.0661068
0 0.643666 0.659941 0.0650752 0.0695242
0 0.893704 0.799332 0.0678642 0.0706486
0 0.833731 0.39004 0.0680759 0.0683101
0 0.702419 0.62823 0.0698285 0.0803072
0 0.957422 0.108286 0.0699314 0.0707759
0 0.336619 0.706944 0.0682219 0.0699294
0 0.705999 0.699947 0.0687084 0.070997
0 0.83419 0.321993 0.066458 0.065387
0 0.458906 0.0334391 0.0661158 0.0659224
0 0.707091 0.770514 0.0681665 0.0679293
0 0.458215 0.110065 0.0698364 0.0721025
0 0.774723 0.425566 0.0699424 0.0680022
0 0.333671 0.634597 0.0689456 0.068661
0 0.95638 0.835642 0.0678554 0.074122
0 0.394943 0.284489 0.0677931 0.070629
0 0.649721 0.429741 0.0708089 0.0729762
0 0.774411 0.359201 0.067287 0.0680103
0 0.46158 0.470255 0.0725346 0.0837609
0 0.211062 0.108286 0.0677304 0.0689691
0 0.520179 0.667136 0.0705583 0.0699787
0 0.275089 0.142773 0.0720645 0.0675358
0 0.707744 0.836075 0.069458 0.0678587
0 0.400746 0.359396 0.0761055 0.0697619
0 0.896639 0.943807 0.0708928 0.07215
0 0.400442 0.431885 0.073656 0.0745941
0 0.585045 0.7006 0.0690072 0.0701764
0 0.27796 0.286538 0.0709286 0.0701915
0 0.336241 0.394235 0.0724848 0.0707321
0 0.579927 0.626665 0.0683057 0.0780843
0 0.646218 0.734493 0.0690279 0.0702761
0 0.586254 0.769427 0.0698363 0.0694551
0 0.772823 0.143523 0.069625 0.0692384
0 0.834146 0.249108 0.0692036 0.0737094
0 0.342833 0.922577 0.0741638 0.0698493
0 0.518148 0.591178 0.068556 0.0757682
0 0.214887 0.326943 0.0709128 0.0696706
0 0.394809 0.525292 0.0704488 0.0768068
0 0.153372 0.67448 0.0740006 0.0705222
0 0.527485 0.953815 0.0740719 0.0725312
0 0.283647 0.957579 0.0701686 0.0699375
0 0.95854 0.392401 0.0692488 0.0691991
0 0.893754 0.0721682 0.069102 0.072348
0 0.895533 0.356331 0.0714432 0.0712898
0 0.154212 0.359727 0.0733124 0.0697778
0 0.222172 0.923954 0.0768037 0.0702783
0 0.210864 0.176784 0.0707072 0.069167
0 0.832665 0.109743 0.069145 0.0713879
0 0.337527 0.108979 0.0719833 0.0694582
0 0.895471 0.871318 0.0686598 0.0711043
0 0.151764 0.14251 0.0761784 0.0696346
0 0.461036 0.396342 0.0691498 0.0678027
0 0.765987 0.662078 0.0651152 0.0665822
0 0.957795 0.910244 0.0685728 0.0698464
0 0.0319225 0.145617 0.063845 0.0696638
0 0.215889 0.706804 0.0754184 0.069386
0 0.0962165 0.925275 0.0723574 0.0687243
0 0.337578 0.176836 0.0689912 0.0679023
0 0.274188 0.67206 0.0704594 0.0690391
0 0.520787 0.14571 0.0705821 0.0680805
0 0.521341 0.737397 0.0728452 0.0711529
0 0.650225 0.212981 0.0727781 0.0765654
0 0.272798 0.0758286 0.0722523 0.0713863
0 0.711372 0.176511 0.0700359 0.0684374
0 0.394787 0.597195 0.0685485 0.0660276
0 0.457145 0.630176 0.0692173 0.071496
0 0.833115 0.177852 0.0691066 0.0667071
0 0.219515 0.852461 0.0739793 0.0743959
0 0.0888321 0.109962 0.0730767 0.0709952
0 0.0884457 0.639053 0.069521 0.0692043
0 0.088737 0.395477 0.0765485 0.0694568
0 0.649907 0.140754 0.0722779 0.0697179
0 0.713241 0.394595 0.0722299 0.0678276
0 0.15911 0.959499 0.0782855 0.0691801
0 0.277471 0.210325 0.0778574 0.0722594
0 0.213036 0.39604 0.0688265 0.0677601
0 0.216018 0.775777 0.0765877 0.0702994
0 0.211967 0.638387 0.0680874 0.0692201
0 0.404354 0.957162 0.0760386 0.0709202
0 0.896778 0.285834 0.0690525 0.0679817
0 0.149432 0.603321 0.0711496 0.0710078
0 0.0315799 0.528257 0.0631597 0.0774021
0 0.211205 0.0371161 0.0670562 0.068132
0 0.710557 0.907483 0.07138 0.0713022
0 0.958393 0.179234 0.0694457 0.0720993
0 0.457783 0.704567 0.0699049 0.0724425
0 0.771895 0.0728802 0.0686491 0.0731219
0 0.895121 0.144341 0.0708234 0.0711806
0 0.035977 0.893793 0.0697797 0.0705209
0 0.150708 0.215503 0.070565 0.0727538
0 0.523256 0.877147 0.0686585 0.0736814
0 0.713167 0.251608 0.0727205 0.0738844
0 0.462634 0.843607 0.066874 0.0711508
0 0.458391 0.178235 0.0698729 0.0661729
0 0.0933385 0.707518 0.0758777 0.0697923
0 0.152029 0.0735077 0.0703219 0.071178
0 0.583689 0.840499 0.0693808 0.0719242
0 0.586656 0.397209 0.0711794 0.0699458
0 0.403776 0.885111 0.0706452 0.0717685
0 0.463958 0.920001 0.0710961 0.0718224
0 0.776067 0.288608 0.0687101 0.0732274
0 0.0317541 0.362757 0.0635082 0.0741009
0 0.833945 0.908403 0.0691485 0.0717559
0 0.0865059 0.177506 0.0703268 0.0672394
0 0.0321193 0.287014 0.0642385 0.0777104
0 0.0344482 0.6742 0.0683865 0.0701776
0 0.08837 0.463882 0.0780582 0.0757132
0 0.832074 0.834189 0.0702956 0.0679972
0 0.396063 0.671683 0.0713792 0.0751578
0 0.773007 0.211159 0.069025 0.0677435
0 0.893882 0.0175981 0.0700028 0.0344305
0 0.586267 0.176736 0.0720143 0.0689843
0 0.0369663 0.960846 0.0738373 0.0703802
0 0.273864 0.360601 0.0692974 0.0696602
0 0.711736 0.0341974 0.0678241 0.0675882
0 0.215293 0.252591 0.0724413 0.0742993
0 0.836936 0.972536 0.0745271 0.0549275
0 0.959411 0.972052 0.0695212 0.0552168
0 0.773335 0.950613 0.072505 0.0754042
0 0.831529 0.03701 0.0688574 0.0682219
0 0.0901119 0.24906 0.0758247 0.0757659
0 0.400072 0.073991 0.0679956 0.070566
0 0.958756 0.45856 0.0708692 0.0676279
0 0.096183 0.85623 0.0740662 0.0736918
0 0.45935 0.772895 0.0692115 0.067374
0 0.0361717 0.746017 0.0722816 0.0761621
0 0.0954984 0.782937 0.0734134 0.0742669
0 0.337833 0.251528 0.0650359 0.0687072
0 0.337613 0.038092 0.0712538 0.0708887
0 0.959472 0.252699 0.0673859 0.0681722
0 0.521447 0.805272 0.0700999 0.0665126
0 0.158299 0.890221 0.0772496 0.0707834
0 0.896293 0.215184 0.0703883 0.0719991
0 0.649211 0.288136 0.0700908 0.0695965
0 0.772144 0.872626 0.0690992 0.0731342
0 0.401289 0.811026 0.0700656 0.0701077
0 0.710965 0.108168 0.0710316 0.070858
0 0.0913531 0.037239 0.0818793 0.074478
0 0.338304 0.774395 0.0701706 0.0669316
0 0.0311524 0.211858 0.0623048 0.0719684
0 0.396893 0.741653 0.0691127 0.0663841
0 0.0939887 0.324744 0.0751099 0.0744649
0 0.587912 0.913061 0.0690117 0.0715063
0 0.591856 0.974705 0.0762784 0.0505896
0 0.156909 0.747952 0.0719568 0.0710701
0 0.27569 0.0181215 0.0737996 0.0361547
0 0.712686 0.325863 0.0734979 0.0715965
0 0.0337368 0.0175952 0.0610888 0.0351903
0 0.587136 0.247343 0.0753574 0.0743514
0 0.338732 0.321901 0.0669858 0.071108
0 0.280795 0.887674 0.0685802 0.0695181
0 0.155375 0.0167983 0.0687315 0.0335966
0 0.156318 0.815895 0.0748646 0.0724669
0 0.148523 0.526883 0.0716795 0.0752735
0 0.0375362 0.821123 0.0663278 0.0758345
0 0.402985 0.0173359 0.0722148 0.0346718
0 0.588853 0.463272 0.0730023 0.0691684
0 0.650135 0.0705643 0.0700809 0.0702382
0 0.0326774 0.602847 0.0653547 0.0709243
0 0.155279 0.286895 0.0701603 0.0692007
0 0.715266 0.972527 0.07429 0.0549468
0 0.0351835 0.073322 0.0703669 0.0802159
0 0.342641 0.978886 0.0710166 0.0422286
0 0.223304 0.980686 0.0758425 0.0386283
0 0.468149 0.978122 0.0747463 0.043633
0 0.837009 0.459644 0.0714781 0.0727254
0 0.341338 0.846252 0.0750055 0.0763692
0 0.77255 0.0178651 0.0683439 0.0349041
0 0.713452 0.459985 0.0765314 0.0710895
0 0.0956169 0.979692 0.0742301 0.0406166
0 0.830841 0.764274 0.0708086 0.0743449
0 0.211905 0.465751 0.0703614 0.0699475
0 0.338206 0.465336 0.0766828 0.076844
0 0.587122 0.107936 0.0724254 0.0698018
0 0.574961 0.554035 0.0637646 0.0680172
0 0.986357 0.736348 0.0272862 0.070869
0 0.652245 0.01739 0.0747303 0.0342319
0 0.335003 0.56468 0.0710105 0.0733911
0 0.524311 0.358643 0.0734917 0.0739799
0 0.653003 0.359256 0.0749067 0.0704802
0 0.949924 0.543885 0.0719781 0.0750087
0 0.271238 0.603473 0.0678087 0.0676889
0 0.822967 0.549343 0.063916 0.0680962
0 0.987685 0.586951 0.0233443 0.0618212
0 0.461152 0.12078 0.0710818 0.060757
0 0.778279 0.370428 0.0689497 0.0598716
0 0.276885 0.0851068 0.0765259 0.0673323
0 0.803718 0.606676 0.105187 0.0806031
0 0.899088 0.983249 0.0710464 0.0333055
0 0.208511 0.564886 0.0659914 0.0707169
0 0.0339049 0.0820906 0.0630987 0.0706222
0 0.900116 0.367825 0.0747418 0.0667105
0 0.639784 0.592751 0.0666347 0.0647222
