0 0.925278 0.0543563 0.0706244 0.0740587
0 0.113971 0.370822 0.0687453 0.0740954
0 0.675354 0.336753 0.0671542 0.0713798
0 0.186655 0.901789 0.0762242 0.0776031
0 0.737754 0.156708 0.0694959 0.0709569
0 0.55249 0.404553 0.0690522 0.0719349
0 0.176343 0.478425 0.0703745 0.0655119
0 0.621941 0.490294 0.0775243 0.0744771
0 0.865938 0.863998 0.0673234 0.0641949
0 0.364003 0.0871587 0.0692075 0.0721264
0 0.733502 0.0270629 0.0675981 0.0541259
0 0.0538498 0.691886 0.0727579 0.0755405
0 0.871478 0.724058 0.0754945 0.0775445
0 0.976434 0.303263 0.0471314 0.076906
0 0.978581 0.719537 0.0428386 0.0673506
0 0.299102 0.201803 0.0661584 0.0696815
0 0.977934 0.0918768 0.0441316 0.0643748
0 0.8084 0.829372 0.0759979 0.0694571
0 0.926325 0.262388 0.0710378 0.0733265
0 0.801838 0.405691 0.0684261 0.0736766
0 0.739468 0.585128 0.0689811 0.0669495
0 0.799306 0.0564686 0.0709019 0.0710714
0 0.862644 0.159062 0.0664146 0.0672286
0 0.861862 0.0927412 0.0661539 0.0646465
0 0.370166 0.728182 0.0720233 0.0741363
0 0.238736 0.234601 0.0690099 0.0681173
0 0.736148 0.0895918 0.0675009 0.0701464
0 0.865215 0.297691 0.0685654 0.068199
0 0.299367 0.269291 0.0674684 0.0684636
0 0.675267 0.19654 0.0688673 0.0714391
0 0.925147 0.19125 0.0699745 0.0747672
0 0.553924 0.689662 0.0711434 0.075088
0 0.675074 0.268895 0.069258 0.0711418
0 0.371125 0.866306 0.0721129 0.0687145
0 0.613568 0.158001 0.0684075 0.0700578
0 0.302418 0.478295 0.0687863 0.0679631
0 0.364671 0.445368 0.0693456 0.0700771
0 0.0513382 0.200041 0.0691651 0.0710514
0 0.744232 0.445621 0.07128 0.0746676
0 0.113965 0.584835 0.0682556 0.0680294
0 0.424769 0.270295 0.0693359 0.0702386
0 0.114018 0.301586 0.069195 0.0691844
0 0.613259 0.233727 0.0697191 0.0733262
0 0.863371 0.365572 0.0677047 0.0694242
0 0.864008 0.2293 0.0683846 0.0712135
0 0.552155 0.268237 0.0694948 0.0702168
0 0.254211 0.941137 0.0754446 0.0686839
0 0.113454 0.231686 0.0699777 0.0707955
0 0.176084 0.197 0.0697083 0.0698192
0 0.176725 0.410429 0.0706586 0.0723733
0 0.249858 0.720728 0.0707838 0.0675851
0 0.73983 0.371721 0.0713505 0.0733271
0 0.31036 0.830152 0.0740813 0.0688709
0 0.744502 0.93586 0.0677586 0.0703253
0 0.976919 0.226563 0.0461626 0.0734579
0 0.0521632 0.123467 0.0683355 0.0686445
0 0.0552956 0.266887 0.0745641 0.0685
0 0.550817 0.334868 0.0695705 0.0662968
0 0.053808 0.41417 0.0698276 0.0769632
0 0.365463 0.515808 0.0717522 0.0700443
0 0.113603 0.16015 0.0693406 0.0680302
0 0.553183 0.198095 0.0681669 0.0715722
0 0.872378 0.93153 0.0771508 0.0746284
0 0.549809 0.0541921 0.0671523 0.0684129
0 0.425898 0.12466 0.0706106 0.0721317
0 0.675205 0.123754 0.0689542 0.0690885
0 0.686984 0.831918 0.0741111 0.070436
0 0.239453 0.302829 0.0691193 0.0692221
0 0.176444 0.267685 0.0714145 0.0723932
0 0.43466 0.764397 0.0751619 0.0719163
0 0.239017 0.440988 0.0697777 0.0690281
0 0.302591 0.54804 0.0717679 0.0724816
0 0.302779 0.404131 0.0704223 0.0732498
0 0.557566 0.830654 0.0730104 0.0706775
0 0.487945 0.303986 0.0697261 0.0667532
0 0.30129 0.127658 0.0661646 0.0701182
0 0.552853 0.546439 0.0692596 0.0732641
0 0.239561 0.166194 0.0709611 0.074101
0 0.0546726 0.556854 0.0684583 0.0628986
0 0.492552 0.514867 0.0691478 0.0706152
0 0.802019 0.333425 0.0697144 0.0675003
0 0.426493 0.341852 0.0686615 0.065994
0 0.18298 0.833045 0.0702758 0.0681174
0 0.125096 0.942098 0.0704758 0.0737302
0 0.364819 0.373553 0.0684481 0.0685324
0 0.434253 0.550004 0.0745875 0.0681365
0 0.0133447 0.236126 0.0266895 0.0659996
0 0.804278 0.686339 0.0707488 0.0710838
0 0.800739 0.122226 0.0691614 0.0687898
0 0.614314 0.0285141 0.0722169 0.0570283
0 0.613375 0.302542 0.0691292 0.0669781
0 0.497717 0.93812 0.0760353 0.0730608
0 0.495121 0.582499 0.0728412 0.0687842
0 0.430096 0.482131 0.0727249 0.0706661
0 0.809882 0.76104 0.0768425 0.073498
0 0.746808 0.864304 0.0737811 0.0688951
0 0.362191 0.303876 0.0687028 0.0663026
0 0.114201 0.0922655 0.0688199 0.0685314
0 0.0516435 0.0564981 0.0696411 0.0689331
0 0.0576933 0.494833 0.0679528 0.0745065
0 0.302472 0.0563576 0.06728 0.0710742
0 0.17582 0.125566 0.0692717 0.0692424
0 0.176746 0.340563 0.0688163 0.0679783
0 0.490994 0.0268281 0.0716231 0.0536561
0 0.115828 0.0289649 0.0711513 0.0579299
0 0.175722 0.0566567 0.0684857 0.0705135
0 0.673752 0.0533062 0.0660977 0.0677914
0 0.495805 0.79688 0.0733786 0.0694022
0 0.622126 0.795841 0.0768278 0.0712022
0 0.428444 0.409424 0.0702596 0.0708634
0 0.366159 0.584214 0.0713523 0.0680552
0 0.366185 0.0282119 0.0715823 0.0564237
0 0.367592 0.654051 0.0693834 0.0708979
0 0.929845 0.894791 0.0727794 0.0708005
0 0.687295 0.759993 0.0736579 0.072896
0 0.745912 0.796862 0.0715076 0.071299
0 0.491647 0.441172 0.0677578 0.068871
0 0.239563 0.0907432 0.071201 0.0743273
0 0.490272 0.161395 0.0708976 0.0705995
0 0.680403 0.687392 0.0704482 0.0689522
0 0.558771 0.901825 0.0726945 0.0718603
0 0.552592 0.124001 0.0676692 0.0691227
0 0.240697 0.0277465 0.0732632 0.055493
0 0.744922 0.723599 0.066623 0.0703616
0 0.239128 0.370781 0.0689105 0.0652323
0 0.495848 0.864641 0.0725013 0.0683284
0 0.614372 0.367461 0.0693859 0.0658587
0 0.97833 0.655682 0.0433397 0.0713059
0 0.433069 0.689272 0.0720571 0.0726713
0 0.304548 0.621554 0.068905 0.0679014
0 0.490671 0.650384 0.0689298 0.06826
0 0.0522694 0.338043 0.070101 0.0723909
0 0.122844 0.870267 0.0720552 0.0696537
0 0.426342 0.0539323 0.06866 0.0672217
0 0.741647 0.654229 0.068417 0.0685296
0 0.301602 0.338173 0.0678519 0.0663794
0 0.625908 0.937244 0.07675 0.0739615
0 0.488903 0.0867703 0.0699409 0.0672993
0 0.489725 0.233791 0.0729964 0.073754
0 0.802174 0.617413 0.0678754 0.0661482
0 0.489721 0.371976 0.0682832 0.0686955
0 0.622443 0.865285 0.078424 0.0702249
0 0.801571 0.191903 0.0728214 0.0717786
0 0.313125 0.905816 0.0741969 0.0730591
0 0.612338 0.085711 0.0685872 0.0660418
0 0.435641 0.904606 0.0721425 0.0722537
0 0.496652 0.725775 0.0696543 0.0704861
0 0.435707 0.831012 0.0718132 0.0675702
0 0.429536 0.616537 0.0711735 0.0671215
0 0.377091 0.940316 0.0758026 0.072522
0 0.30791 0.689908 0.0700234 0.0700686
0 0.685497 0.899665 0.0743194 0.0674486
0 0.56277 0.967897 0.0757873 0.064206
0 0.0135289 0.302994 0.0270578 0.0649821
0 0.114652 0.518915 0.0656497 0.0655177
0 0.0628282 0.902123 0.0738355 0.0702419
0 0.425521 0.19911 0.0718492 0.0725237
0 0.239419 0.512069 0.0717341 0.0701785
0 0.620163 0.724216 0.0690854 0.0678335
0 0.688261 0.967281 0.0725988 0.0648465
0 0.437264 0.969104 0.0702952 0.0617582
0 0.559306 0.760329 0.0701435 0.0684969
0 0.866766 0.0296065 0.0684733 0.0592129
0 0.932794 0.9623 0.076751 0.0685405
0 0.0137082 0.0900145 0.0274164 0.0668704
0 0.677596 0.618559 0.0716178 0.0718546
0 0.977758 0.15428 0.0444841 0.0622431
0 0.807751 0.967831 0.076046 0.0643378
0 0.31319 0.969126 0.075651 0.0617487
0 0.680797 0.548472 0.0737702 0.0668294
0 0.361693 0.234637 0.0692939 0.0741452
0 0.0629716 0.837844 0.0666878 0.0640156
0 0.0199119 0.873567 0.0398237 0.0706389
0 0.0628989 0.969611 0.0775309 0.060779
0 0.0191446 0.9452 0.0382891 0.0750446
0 0.245874 0.867007 0.071949 0.0674701
0 0.801106 0.481309 0.0677373 0.0716113
0 0.0155017 0.37733 0.0310034 0.0709721
0 0.0148699 0.165594 0.0297398 0.0761045
0 0.738123 0.301116 0.0698862 0.0696255
0 0.186006 0.759627 0.0762104 0.0769676
0 0.311068 0.763396 0.0721116 0.071959
0 0.122881 0.797976 0.0737061 0.0692537
0 0.0170645 0.524698 0.034129 0.0608332
0 0.0167338 0.44948 0.0334676 0.0767153
0 0.931717 0.752205 0.0735065 0.0691609
0 0.871091 0.984298 0.0677136 0.0314047
0 0.933072 0.685834 0.0677994 0.0659149
0 0.627307 0.986129 0.0697377 0.0277421
0 0.0146098 0.0279144 0.0292196 0.0518349
0 0.976478 0.374273 0.047044 0.0672255
0 0.979033 0.931769 0.041935 0.0757003
0 0.116146 0.728924 0.0642112 0.0710722
0 0.253046 0.98728 0.0663683 0.0254393
0 0.979717 0.984289 0.0405667 0.0314218
0 0.979379 0.0301512 0.0412419 0.0600164
0 0.681174 0.475785 0.0700548 0.0762793
0 0.243334 0.583026 0.0752561 0.0711883
0 0.377165 0.987306 0.0687276 0.0253875
0 0.428281 0.0113916 0.0638486 0.0227832
0 0.499589 0.987098 0.0691509 0.0258039
0 0.245287 0.658923 0.0764258 0.0711119
0 0.304461 0.0112672 0.0630062 0.0225345
0 0.0146901 0.725873 0.0293801 0.0682225
0 0.113472 0.649129 0.0669582 0.066142
0 0.177208 0.011395 0.064537 0.02279
0 0.0539379 0.0116052 0.0630225 0.0232104
0 0.747002 0.985551 0.0670583 0.0288985
0 0.803002 0.550924 0.0664374 0.0682576
0 0.618006 0.651758 0.0686287 0.0724319
0 0.0127046 0.663172 0.0254092 0.0602934
0 0.973558 0.440523 0.0526581 0.0778514
0 0.930071 0.622376 0.0745952 0.0702257
0 0.675652 0.0109976 0.0633273 0.0219952
0 0.802747 0.265263 0.0738907 0.0715278
0 0.981765 0.582078 0.0364698 0.0720881
