0 0.97763 0.794141 0.0447392 0.250577
0 0.867892 0.791085 0.0724089 0.25501
0 0.0542881 0.7023 0.0724268 0.265539
0 0.494118 0.800256 0.0737024 0.252428
0 0.618894 0.800183 0.073782 0.252107
0 0.806554 0.673056 0.069873 0.248464
0 0.556452 0.675703 0.0713634 0.257481
0 0.244029 0.802456 0.0736007 0.254291
0 0.429886 0.677581 0.0717473 0.261686
0 0.180924 0.697881 0.0734737 0.273762
0 0.745828 0.801759 0.0723016 0.247487
0 0.306752 0.677388 0.0715478 0.259421
0 0.806701 0.416852 0.0691531 0.263642
0 0.493074 0.548771 0.0717846 0.257735
0 0.684446 0.675354 0.0755661 0.255809
0 0.618796 0.54704 0.0718732 0.255938
0 0.744841 0.551755 0.0708506 0.251612
0 0.868801 0.538319 0.0688068 0.256211
0 0.431853 0.415211 0.0680542 0.256081
0 0.556126 0.411549 0.068794 0.257117
0 0.0538177 0.437288 0.0722674 0.25852
0 0.243984 0.5489 0.0706074 0.25348
0 0.242307 0.290973 0.0678366 0.249203
0 0.367316 0.806522 0.0726596 0.254225
0 0.868273 0.269276 0.070375 0.256562
0 0.368303 0.546234 0.071558 0.263003
0 0.683316 0.420423 0.0700814 0.252523
0 0.118214 0.301401 0.0700495 0.258579
0 0.744347 0.288792 0.0706558 0.258862
0 0.932321 0.401034 0.0707088 0.260437
0 0.306659 0.412292 0.0702466 0.255589
0 0.929588 0.665967 0.0703716 0.257111
0 0.116715 0.56497 0.0732478 0.267013
0 0.617776 0.285361 0.0697761 0.247646
0 0.979038 0.525665 0.0419245 0.259603
0 0.181901 0.424539 0.0720474 0.263789
0 0.494434 0.286774 0.068521 0.25122
0 0.0139265 0.82876 0.0278529 0.244258
0 0.0146843 0.563834 0.0293686 0.253374
0 0.980141 0.274231 0.039719 0.26435
0 0.370722 0.28188 0.0725576 0.249787
0 0.0144496 0.306175 0.0288992 0.256409
0 0.0530353 0.159063 0.0737241 0.283292
0 0.555834 0.154686 0.0687528 0.254715
0 0.303683 0.156244 0.0707581 0.256081
0 0.117057 0.835558 0.0710431 0.250514
0 0.682283 0.159838 0.0690997 0.261365
0 0.181292 0.160674 0.069789 0.255623
0 0.43663 0.159706 0.0709517 0.252509
0 0.808802 0.150034 0.070245 0.253527
0 0.935294 0.141309 0.0744244 0.255862
0 0.92925 0.889598 0.0680847 0.200528
