0 0.105009 0.92012 0.070558 0.0714773
0 0.831902 0.336475 0.0680892 0.0743585
0 0.643184 0.085529 0.069411 0.0738416
0 0.289623 0.818445 0.0729156 0.0793325
0 0.0382651 0.376116 0.0737663 0.0755802
0 0.0437467 0.955934 0.0684121 0.0736296
0 0.284544 0.37731 0.0720916 0.0728151
0 0.580482 0.12114 0.0658646 0.072334
0 0.106253 0.775794 0.0698452 0.0724726
0 0.54292 0.808812 0.0714827 0.0792756
0 0.413797 0.663058 0.0734252 0.0750219
0 0.954739 0.260126 0.0666777 0.0695022
0 0.58007 0.0509763 0.0670717 0.0691032
0 0.954749 0.331092 0.066566 0.070286
0 0.583931 0.269129 0.0673385 0.0690184
0 0.228642 0.850348 0.0732418 0.0696223
0 0.407342 0.375119 0.0744079 0.0730445
0 0.647304 0.301074 0.0697949 0.0683975
0 0.229308 0.921883 0.0750634 0.0744078
0 0.536626 0.658426 0.0748425 0.0774269
0 0.0400372 0.239793 0.0662559 0.0704469
0 0.167279 0.813212 0.070972 0.0694253
0 0.104951 0.850294 0.0727649 0.0724936
0 0.105441 0.704617 0.0722979 0.0717351
0 0.161697 0.380484 0.0740617 0.0742045
0 0.892332 0.152773 0.0664549 0.0703659
0 0.831619 0.263983 0.068702 0.0717058
0 0.643268 0.0257723 0.0706155 0.0515446
0 0.0426966 0.743569 0.0723434 0.0755112
0 0.604343 0.770921 0.0683901 0.0716615
0 0.167234 0.956814 0.0696205 0.0720341
0 0.100908 0.200525 0.0729193 0.0727349
0 0.0983057 0.344883 0.0754248 0.0760125
0 0.770133 0.22875 0.0698287 0.073976
0 0.162008 0.237036 0.0750681 0.0699968
0 0.849181 0.697091 0.0710907 0.0760059
0 0.400627 0.026701 0.0660992 0.053402
0 0.652525 0.369803 0.070497 0.0739738
0 0.464969 0.268703 0.073759 0.070441
0 0.784671 0.800239 0.0708866 0.0717349
0 0.542992 0.881511 0.070562 0.0718318
0 0.166707 0.666691 0.0696213 0.0670347
0 0.167004 0.886363 0.0707938 0.0736187
0 0.350079 0.699867 0.0716556 0.0724301
0 0.767825 0.152856 0.0677763 0.0696593
0 0.294587 0.96229 0.0649744 0.0651156
0 0.401689 0.235095 0.0690708 0.0678425
0 0.955016 0.1904 0.0684065 0.0700354
0 0.0442576 0.816599 0.0700226 0.0687208
0 0.771863 0.301185 0.0680748 0.0687333
0 0.103164 0.634735 0.0741847 0.0741822
0 0.413107 0.957615 0.078108 0.0705342
0 0.711685 0.336668 0.0699928 0.0717501
0 0.893357 0.224022 0.068131 0.0683538
0 0.521118 0.161084 0.0688412 0.0711104
0 0.516417 0.028154 0.0744255 0.0563081
0 0.832032 0.190605 0.0692647 0.0703
0 0.721684 0.551583 0.0784003 0.071497
0 0.893801 0.367487 0.0689291 0.0681765
0 0.524114 0.233774 0.0692225 0.0705575
0 0.705353 0.116345 0.0679462 0.0668687
0 0.602894 0.844532 0.0708461 0.070235
0 0.0377759 0.306827 0.0659951 0.0693358
0 0.893787 0.297546 0.0700293 0.0735008
0 0.785941 0.586023 0.071805 0.0678841
0 0.9653 0.766793 0.0652556 0.0694816
0 0.70542 0.0481711 0.0683527 0.0719264
0 0.954789 0.115097 0.0692601 0.0717699
0 0.164436 0.596516 0.0720109 0.0736375
0 0.461078 0.19813 0.0681626 0.0685643
0 0.663354 0.801108 0.0703137 0.0702789
0 0.395764 0.0874255 0.067248 0.0665572
0 0.400614 0.1659 0.0698603 0.0738224
0 0.662753 0.956878 0.0728123 0.0741858
0 0.965369 0.693875 0.0692616 0.0770491
0 0.166987 0.7377 0.0697173 0.0728815
0 0.532564 0.374007 0.0747973 0.0763268
0 0.343149 0.26941 0.0739701 0.0694305
0 0.159635 0.0875325 0.0753236 0.0732132
0 0.763081 0.0805503 0.0613983 0.0738559
0 0.283922 0.302943 0.0722101 0.068866
0 0.15749 0.0263568 0.0754843 0.0527136
0 0.598483 0.620834 0.0707557 0.0776198
0 0.280883 0.0265314 0.0719582 0.0530627
0 0.0407456 0.0293144 0.072407 0.0586288
0 0.223723 0.270541 0.0721068 0.068456
0 0.350361 0.919563 0.064804 0.0716538
0 0.228262 0.77634 0.0702121 0.0741256
0 0.663439 0.878415 0.0736865 0.0814723
0 0.0438455 0.884499 0.0684479 0.0679748
0 0.724356 0.765816 0.072606 0.0720689
0 0.603047 0.915696 0.0710046 0.0756717
0 0.723976 0.835554 0.0730641 0.0725091
0 0.526423 0.302642 0.0699383 0.0680811
0 0.591262 0.33815 0.0722247 0.0746639
0 0.340893 0.199397 0.072477 0.0721706
0 0.283323 0.235391 0.0726651 0.0699397
0 0.404744 0.30231 0.0749542 0.0687093
0 0.908009 0.584617 0.0773544 0.0696354
0 0.339427 0.0521707 0.0711923 0.069768
0 0.100505 0.0525975 0.0707843 0.0702152
0 0.288605 0.735877 0.0727082 0.0736845
0 0.340393 0.123792 0.0656729 0.0702923
0 0.220445 0.0516269 0.0751786 0.0707267
0 0.91071 0.801445 0.0722113 0.0714226
0 0.848138 0.915959 0.0738299 0.0735548
0 0.230144 0.979364 0.077336 0.0412728
0 0.281799 0.0858162 0.072178 0.0683453
0 0.771514 0.368095 0.0682095 0.06648
0 0.225369 0.631808 0.0730604 0.0711802
0 0.477483 0.977363 0.0698737 0.0452739
0 0.786297 0.660976 0.0748976 0.0737152
0 0.162067 0.165435 0.0747929 0.0741477
0 0.223741 0.20133 0.0761179 0.0721941
0 0.966472 0.841687 0.0670568 0.0762646
0 0.911637 0.951964 0.078335 0.0715082
0 0.226641 0.701882 0.0723723 0.0743082
0 0.468268 0.339354 0.0738023 0.0733404
0 0.848942 0.842309 0.0722091 0.0744414
0 0.22201 0.123277 0.0762632 0.0731731
0 0.723902 0.697045 0.0723174 0.0706639
0 0.0417901 0.0965977 0.0699238 0.0795865
0 0.70947 0.266467 0.0728753 0.0722147
0 0.91108 0.659711 0.0707918 0.0715446
0 0.967569 0.915888 0.0648611 0.0753921
0 0.223322 0.345741 0.0722434 0.071395
0 0.345005 0.341791 0.0723796 0.0704795
0 0.288744 0.666143 0.0706037 0.068691
0 0.787789 0.879958 0.0747271 0.0777639
0 0.848032 0.975605 0.0739415 0.0487891
0 0.911515 0.880123 0.0747503 0.0743237
0 0.349244 0.627476 0.0761915 0.0754883
0 0.787541 0.955302 0.0770988 0.0730634
0 0.0396407 0.168031 0.0696043 0.0761056
0 0.282909 0.160824 0.0707135 0.073822
0 0.956562 0.400305 0.0694964 0.0741111
0 0.723478 0.623949 0.0728545 0.0743994
0 0.846201 0.622314 0.0761719 0.0714887
0 0.662723 0.73258 0.0727654 0.0729551
0 0.350289 0.848881 0.0683855 0.0660024
0 0.0398445 0.599108 0.0718915 0.0722806
0 0.041067 0.671616 0.0719026 0.0753164
0 0.662461 0.662676 0.0738337 0.0726527
0 0.831264 0.118832 0.0693436 0.072772
0 0.10137 0.563037 0.073929 0.0729936
0 0.759499 0.0220709 0.0537837 0.0422683
0 0.0989868 0.129697 0.0735885 0.0715707
0 0.161713 0.304499 0.0727221 0.0705053
0 0.724751 0.918933 0.0738769 0.0786355
0 0.412256 0.589809 0.0745491 0.0750937
0 0.52035 0.0879954 0.0685555 0.0701204
0 0.966851 0.625681 0.0662981 0.0722394
0 0.9674 0.551819 0.0652004 0.0737327
0 0.707043 0.18703 0.0723553 0.0795234
0 0.969107 0.977477 0.0604165 0.0434046
0 0.539276 0.953698 0.0726831 0.0750642
0 0.601321 0.978729 0.073946 0.0425417
0 0.78671 0.732228 0.070874 0.0700898
0 0.023349 0.866931 0.0465466 0.084713
0 0.287242 0.594105 0.0719321 0.0693421
0 0.459783 0.127379 0.0684347 0.0713194
0 0.475572 0.625713 0.0708311 0.0723343
0 0.352304 0.771486 0.0733171 0.0732441
0 0.344089 0.40942 0.075591 0.0698497
0 0.846446 0.552688 0.0726576 0.0692713
0 0.475063 0.695293 0.0726788 0.0734032
0 0.581317 0.197304 0.0648674 0.072262
0 0.725136 0.978809 0.0738167 0.042381
0 0.225769 0.558512 0.0731166 0.0716505
0 0.47711 0.84375 0.0741632 0.0746722
0 0.0368169 0.529994 0.0705914 0.0685575
0 0.0222384 0.928271 0.0444768 0.0780619
0 0.891613 0.0837649 0.0653924 0.0698159
0 0.0392122 0.815224 0.078041 0.0870013
0 0.224159 0.413803 0.071061 0.069497
0 0.601266 0.551372 0.0666574 0.0689538
0 0.643394 0.230512 0.0683239 0.0724888
0 0.979901 0.244295 0.0389922 0.0840224
0 0.598933 0.698902 0.0730902 0.0692189
0 0.467848 0.411455 0.0781324 0.0763396
0 0.908693 0.730531 0.0702779 0.0691907
0 0.341159 0.0115356 0.0674739 0.0230712
0 0.218924 0.0117696 0.0662433 0.0235392
0 0.0989765 0.0114691 0.065365 0.0229381
0 0.98693 0.0229543 0.0261406 0.0459085
0 0.0987875 0.414584 0.0759091 0.0696791
0 0.592703 0.407138 0.0724771 0.0718207
0 0.708449 0.0591985 0.0719521 0.080258
0 0.347317 0.976508 0.0781791 0.046983
0 0.712796 0.405037 0.0723948 0.0711735
