0 0.483469 0.774627 0.0674748 0.0680501
0 0.296288 0.597132 0.0676355 0.0723062
0 0.545047 0.802748 0.0665358 0.0707282
0 0.111937 0.15335 0.0624209 0.0644112
0 0.296249 0.879361 0.0687127 0.0755434
0 0.354127 0.0656774 0.0720432 0.0723837
0 0.296598 0.80664 0.0681495 0.072089
0 0.173456 0.743844 0.0626522 0.0644987
0 0.354161 0.276353 0.0719575 0.0748011
0 0.236822 0.704935 0.0715434 0.0698957
0 0.478099 0.0611793 0.0719944 0.0753017
0 0.170495 0.597789 0.0693405 0.0745833
0 0.417706 0.173071 0.0695071 0.0686402
0 0.421636 0.740999 0.0654128 0.0697114
0 0.483765 0.844085 0.0671068 0.0728807
0 0.482058 0.702454 0.0693721 0.0712991
0 0.172731 0.461434 0.0636966 0.0625088
0 0.355858 0.489794 0.0706106 0.0667186
0 0.416529 0.103264 0.0701907 0.0733579
0 0.173359 0.808556 0.0654041 0.0690477
0 0.234371 0.913714 0.0655647 0.0714844
0 0.361118 0.845806 0.0705355 0.0730051
0 0.420524 0.594362 0.0697654 0.0715057
0 0.603532 0.275842 0.0699346 0.073523
0 0.114036 0.433048 0.0688637 0.0730324
0 0.17235 0.527086 0.0662516 0.0730177
0 0.168679 0.313478 0.0704048 0.0695839
0 0.234474 0.845626 0.0662958 0.0679419
0 0.424353 0.950934 0.0686774 0.0687809
0 0.480683 0.3443 0.0712191 0.0781186
0 0.354901 0.42103 0.071026 0.0710509
0 0.421905 0.806992 0.0665352 0.0687926
0 0.294768 0.525775 0.0690772 0.0723448
0 0.289149 0.385742 0.0714042 0.0727956
0 0.293214 0.166149 0.0696052 0.0710897
0 0.236405 0.771445 0.069241 0.0676987
0 0.791521 0.947158 0.0726995 0.0692525
0 0.298127 0.739695 0.0653184 0.0645232
0 0.23369 0.493739 0.066824 0.0713637
0 0.48571 0.917719 0.0666299 0.069406
0 0.360333 0.77409 0.0673428 0.0688422
0 0.417325 0.38145 0.072534 0.0767573
0 0.292092 0.101606 0.0702022 0.0652781
0 0.291063 0.314727 0.071381 0.0686966
0 0.419282 0.521099 0.0688714 0.0691478
0 0.233974 0.63422 0.0713884 0.0672387
0 0.543251 0.667488 0.071317 0.0751574
0 0.356959 0.560073 0.069711 0.0706105
0 0.482969 0.558809 0.0683365 0.0688491
0 0.853844 0.913778 0.0722497 0.0729458
0 0.48232 0.630459 0.0688142 0.0724306
0 0.605489 0.631627 0.0718526 0.070622
0 0.16993 0.17256 0.0673423 0.0702502
0 0.233323 0.565085 0.0692418 0.0689783
0 0.174491 0.88587 0.0660029 0.0725486
0 0.423972 0.882861 0.0677752 0.0688591
0 0.480168 0.206281 0.0694408 0.0708776
0 0.355717 0.206087 0.0704192 0.0709783
0 0.421814 0.66778 0.0675402 0.0746357
0 0.666019 0.950696 0.0735651 0.0743763
0 0.117447 0.861469 0.0658845 0.0674666
0 0.480899 0.415945 0.0679838 0.0699236
0 0.363332 0.975914 0.0729458 0.0481725
0 0.66774 0.51916 0.0705401 0.0720309
0 0.357506 0.631642 0.0687837 0.0765851
0 0.666664 0.239027 0.071579 0.0710647
0 0.238495 0.975941 0.070274 0.0481181
0 0.231278 0.204907 0.0701501 0.0724792
0 0.605793 0.703709 0.0708513 0.0715747
0 0.360548 0.704659 0.0691937 0.0708833
0 0.729221 0.486507 0.0717981 0.0709925
0 0.0500777 0.475243 0.0717714 0.0702149
0 0.606668 0.770165 0.0695995 0.0692108
0 0.605086 0.412379 0.0704112 0.0766232
0 0.791906 0.519993 0.0697956 0.0705197
0 0.298195 0.953819 0.069185 0.0718416
0 0.0536729 0.189433 0.0680814 0.0651185
0 0.542193 0.239679 0.0708195 0.0696793
0 0.0590037 0.828709 0.0750331 0.0687938
0 0.294205 0.457815 0.0679668 0.0677212
0 0.545335 0.880134 0.0674415 0.0699865
0 0.231402 0.275769 0.0695821 0.0734532
0 0.728603 0.205449 0.0715048 0.0712424
0 0.729289 0.770191 0.0700486 0.0704194
0 0.487123 0.975272 0.0711019 0.0494568
0 0.546441 0.952914 0.0661759 0.0723593
0 0.915599 0.94709 0.0724463 0.0726023
0 0.117045 0.722352 0.0679003 0.0689977
0 0.542611 0.307381 0.0705078 0.0676912
0 0.293694 0.240417 0.069752 0.0700197
0 0.968957 0.487747 0.0620868 0.071873
0 0.361366 0.918737 0.0699689 0.0721517
0 0.418663 0.240039 0.0712681 0.0696489
0 0.666878 0.449265 0.0710348 0.0702661
0 0.968201 0.695115 0.063599 0.0781193
0 0.167506 0.10232 0.0699874 0.0685634
0 0.666823 0.664227 0.0717309 0.0716248
0 0.665519 0.169054 0.0718825 0.0710448
0 0.169388 0.240018 0.0691746 0.0715748
0 0.0513267 0.616394 0.0691097 0.068024
0 0.60455 0.915103 0.0693755 0.0681403
0 0.852271 0.769856 0.0697107 0.0695958
0 0.791566 0.80317 0.0714382 0.0690155
0 0.791033 0.238794 0.0701368 0.07028
0 0.112065 0.0908756 0.0620122 0.0611209
0 0.668643 0.736163 0.0701282 0.0720143
0 0.730009 0.553308 0.0709822 0.0689452
0 0.292016 0.0331522 0.0737776 0.0663045
0 0.540711 0.0310885 0.0762143 0.0621769
0 0.729668 0.627259 0.0718279 0.0783536
0 0.0507937 0.546979 0.0705705 0.0685424
0 0.604912 0.974087 0.0680039 0.0513957
0 0.230043 0.13331 0.0723907 0.0710374
0 0.730165 0.273415 0.0710347 0.0685989
0 0.4807 0.274163 0.0687804 0.0664853
0 0.727134 0.134084 0.0735687 0.0738291
0 0.231308 0.349162 0.0682543 0.0730484
0 0.480705 0.48728 0.070525 0.0710696
0 0.169165 0.0343214 0.0677337 0.0631639
0 0.912528 0.517321 0.0725794 0.0707946
0 0.914396 0.236829 0.0717618 0.0705518
0 0.96862 0.414807 0.0627593 0.0794623
0 0.668187 0.804156 0.0688115 0.0682507
0 0.0588916 0.896081 0.0724719 0.0689359
0 0.72871 0.914434 0.0733681 0.0745454
0 0.544142 0.592356 0.0684304 0.0745478
0 0.969859 0.272303 0.0602825 0.0708378
0 0.605647 0.555046 0.0701574 0.0686806
0 0.230887 0.0658557 0.0708061 0.0776244
0 0.0543742 0.760352 0.0741043 0.0718372
0 0.913237 0.449731 0.0729427 0.0700793
0 0.729336 0.974757 0.0714824 0.0503497
0 0.850951 0.700971 0.0722692 0.0726025
0 0.851355 0.415393 0.0717955 0.0717397
0 0.177232 0.959383 0.0700577 0.0752633
0 0.912771 0.58491 0.0718827 0.0689297
0 0.792475 0.308933 0.0693903 0.0689994
0 0.792361 0.877186 0.0714645 0.0778244
0 0.853535 0.838829 0.0691407 0.0703827
0 0.418484 0.306973 0.0700405 0.0673635
0 0.789193 0.664889 0.0732234 0.0705972
0 0.115396 0.0276143 0.066688 0.0552287
0 0.968084 0.769084 0.0638313 0.0753354
0 0.789375 0.031352 0.0766423 0.0627041
0 0.603157 0.133701 0.0731999 0.0705907
0 0.914786 0.303729 0.072235 0.0681859
0 0.120953 0.924811 0.0659445 0.0664979
0 0.0598391 0.960346 0.0759647 0.0681076
0 0.912416 0.167098 0.0724804 0.0723361
0 0.729107 0.838394 0.0716641 0.0699036
0 0.118644 0.649231 0.0693458 0.0726075
0 0.851362 0.484875 0.0714717 0.0720826
0 0.969119 0.554965 0.0617287 0.0686877
0 0.852884 0.628162 0.0721581 0.0793185
0 0.96783 0.623657 0.0643408 0.0718867
0 0.603707 0.203699 0.0723262 0.072839
0 0.790533 0.450714 0.0727277 0.0724061
0 0.852074 0.553084 0.0707352 0.0680866
0 0.912338 0.802613 0.0710053 0.0705457
0 0.790465 0.593967 0.0724238 0.0721048
0 0.851993 0.131476 0.0717719 0.070159
0 0.603773 0.844965 0.0719891 0.0716424
0 0.729657 0.347458 0.0723708 0.0760521
0 0.665008 0.37919 0.0721829 0.0695506
0 0.663664 0.0314862 0.0751026 0.0629724
0 0.726823 0.417556 0.0733933 0.0734358
0 0.72736 0.700301 0.0705283 0.0741808
0 0.907807 0.0297487 0.0749208 0.0594974
0 0.914938 0.878415 0.0730379 0.068058
0 0.852817 0.271806 0.0717682 0.0682003
0 0.543112 0.52294 0.0684071 0.0676759
0 0.851879 0.34087 0.0715224 0.0691632
0 0.969278 0.343485 0.061445 0.074668
0 0.603792 0.484341 0.0742233 0.0754637
0 0.0527625 0.122754 0.0687636 0.0692045
0 0.666708 0.878029 0.0708261 0.0761427
0 0.416175 0.030909 0.0739113 0.0618179
0 0.0501023 0.40269 0.071924 0.0725176
0 0.665038 0.0991966 0.0741241 0.0705375
0 0.79187 0.09854 0.0730182 0.0754957
0 0.0142153 0.0268015 0.0284305 0.0506997
0 0.540236 0.0992656 0.0728906 0.0703765
0 0.0147524 0.794701 0.0295049 0.0693575
0 0.0537797 0.686333 0.0699924 0.0707164
0 0.852863 0.0619476 0.069443 0.0687709
0 0.667987 0.59015 0.0696397 0.0725501
0 0.0525362 0.0543481 0.0709803 0.0675621
0 0.789905 0.381182 0.0733243 0.0720684
0 0.965385 0.0595335 0.069229 0.0769633
0 0.912949 0.379425 0.0762757 0.0769025
0 0.791737 0.16679 0.0718924 0.0729734
0 0.603044 0.064428 0.0724409 0.0702756
0 0.912958 0.734439 0.0744629 0.069342
0 0.789214 0.735172 0.0722057 0.0723188
0 0.0146151 0.581415 0.0292301 0.0676531
0 0.666473 0.307151 0.0718402 0.0689408
0 0.969101 0.847538 0.0617979 0.0763031
0 0.854493 0.974251 0.0722754 0.0514975
0 0.971004 0.913186 0.0579926 0.0681534
0 0.911916 0.661432 0.0733976 0.0727924
0 0.968593 0.201702 0.0628148 0.076897
0 0.727348 0.0643436 0.0725942 0.0691149
0 0.852087 0.202471 0.0732229 0.0737673
0 0.911346 0.0942094 0.0728627 0.0721405
0 0.492475 0.924799 0.0718006 0.0719848
0 0.354251 0.0158982 0.0733197 0.0295048
0 0.0151213 0.652711 0.0302426 0.0663335
0 0.532237 0.536239 0.0666009 0.0755863
0 0.966767 0.131896 0.0664655 0.0732344
0 0.540932 0.170915 0.0721426 0.0736756
0 0.11909 0.979641 0.0639142 0.0407178
0 0.540825 0.447091 0.0725987 0.0769355
0 0.0153918 0.159883 0.0307837 0.067112
0 0.603436 0.0142485 0.0713112 0.0277036
0 0.0143861 0.0882312 0.0287722 0.0678624
0 0.0149041 0.724515 0.0298082 0.0694689
0 0.725401 0.0140475 0.0678465 0.028095
0 0.0508003 0.332065 0.0715295 0.0704423
0 0.111822 0.365218 0.0644591 0.0703757
0 0.017302 0.932746 0.034604 0.0725513
0 0.970364 0.97233 0.0592726 0.0552249
0 0.22992 0.0151023 0.0733055 0.0286554
0 0.96777 0.0126169 0.0602045 0.0252338
0 0.0121941 0.435835 0.0243882 0.0643401
0 0.850884 0.0141715 0.063755 0.0283429
0 0.118102 0.791826 0.0647959 0.0676242
0 0.0129286 0.514642 0.0258573 0.0709542
0 0.0118687 0.368144 0.0237373 0.0641422
0 0.792086 0.985816 0.0714649 0.0283685
0 0.47734 0.0139547 0.0721188 0.0269584
0 0.0162937 0.983116 0.0325874 0.0337676
0 0.0546043 0.0114375 0.0648931 0.022875
0 0.367009 0.761535 0.0782543 0.0827034
0 0.0140781 0.229448 0.0281562 0.0699061
0 0.0159216 0.857288 0.0318432 0.0692425
0 0.475401 0.218585 0.0694433 0.0802367
0 0.373494 0.719406 0.0867082 0.0852048
0 0.916445 0.984627 0.0707886 0.0288947
0 0.479488 0.437454 0.0697362 0.0547034
0 0.135449 0.0333504 0.0939732 0.0667008
0 0.150373 0.0982505 0.101409 0.0848636
0 0.544773 0.736729 0.0696504 0.0686661
0 0.913696 0.49648 0.0715785 0.0748655
0 0.368648 0.781891 0.0823245 0.0718679
0 0.175645 0.93255 0.0669078 0.0745044
0 0.454627 0.575737 0.109986 0.099123
0 0.424639 0.96645 0.0684357 0.0641954
0 0.728141 0.449495 0.0727481 0.070855
