0 0.357336 0.61426 0.0678548 0.0700297
0 0.927204 0.336958 0.0680369 0.0719011
0 0.419996 0.648169 0.070767 0.0716798
0 0.359464 0.757422 0.0698714 0.076827
0 0.547771 0.789727 0.0699289 0.0696003
0 0.170723 0.719773 0.0677791 0.0683656
0 0.0461258 0.44487 0.0660619 0.0681122
0 0.672613 0.719726 0.0653147 0.071493
0 0.046142 0.798119 0.0680695 0.0700109
0 0.483511 0.612075 0.0683273 0.0729179
0 0.0444369 0.727222 0.0656683 0.0690906
0 0.297016 0.724603 0.0645159 0.0672791
0 0.48494 0.75768 0.0657871 0.0669017
0 0.672666 0.789607 0.0656431 0.065951
0 0.485031 0.68433 0.0676642 0.0745608
0 0.107473 0.479528 0.0681267 0.0713305
0 0.296649 0.648694 0.0665283 0.0703187
0 0.169853 0.514404 0.0712871 0.0760192
0 0.418006 0.576178 0.072561 0.0739797
0 0.10521 0.405531 0.0705063 0.0734428
0 0.172878 0.793426 0.0671251 0.0723491
0 0.485071 0.826747 0.0659429 0.0708067
0 0.298438 0.793239 0.0663056 0.0677292
0 0.296067 0.582579 0.0661376 0.0689969
0 0.547834 0.718414 0.0694969 0.0729647
0 0.611132 0.823638 0.0698566 0.0697317
0 0.109214 0.54951 0.0664834 0.0703948
0 0.977946 0.376532 0.0441079 0.0726484
0 0.672837 0.857623 0.0663768 0.0691273
0 0.547116 0.860882 0.0672932 0.0701551
0 0.479934 0.541147 0.0700082 0.0690377
0 0.110546 0.617089 0.0671701 0.070954
0 0.0444827 0.369083 0.0676602 0.075832
0 0.23154 0.475807 0.0704147 0.0708264
0 0.0480566 0.586655 0.0679504 0.0694611
0 0.36125 0.829726 0.068058 0.0692561
0 0.67442 0.929484 0.0676887 0.0700554
0 0.174396 0.864977 0.0673115 0.0695274
0 0.423488 0.721128 0.0687181 0.0729079
0 0.111645 0.830138 0.0703933 0.0698507
0 0.926474 0.481705 0.0667608 0.0680836
0 0.235774 0.756648 0.0709301 0.0711147
0 0.416546 0.362916 0.0687676 0.0704978
0 0.0469073 0.51717 0.068147 0.0726471
0 0.41669 0.507748 0.0718995 0.068475
0 0.672361 0.64666 0.0678809 0.0678713
0 0.424099 0.794087 0.068707 0.0711615
0 0.29407 0.512289 0.0705853 0.0720528
0 0.228912 0.40353 0.0732386 0.0742906
0 0.732378 0.679059 0.0675265 0.0708693
0 0.546697 0.647496 0.0679151 0.0683103
0 0.0482025 0.653934 0.0688814 0.0708179
0 0.232954 0.614861 0.0697398 0.0704603
0 0.17075 0.58433 0.0679067 0.067941
0 0.299723 0.863052 0.0681043 0.0700039
0 0.416895 0.292555 0.0716044 0.0749699
0 0.232507 0.546354 0.0695849 0.0714061
0 0.0478028 0.864976 0.0684293 0.0679891
0 0.103563 0.330752 0.071422 0.0707816
0 0.176884 0.939882 0.0695502 0.0759902
0 0.926378 0.128367 0.0698137 0.0706704
0 0.548261 0.929156 0.0662837 0.0673578
0 0.478068 0.396155 0.0720572 0.0707833
0 0.355779 0.332041 0.0693674 0.0698612
0 0.611713 0.754175 0.0692687 0.0691047
0 0.48657 0.896506 0.0666833 0.0686467
0 0.976175 0.23511 0.0476507 0.0702636
0 0.542915 0.577001 0.0714343 0.0752509
0 0.61177 0.893788 0.0709174 0.0710143
0 0.294121 0.43873 0.071292 0.0818093
0 0.292354 0.362572 0.0728559 0.0724726
0 0.977382 0.441859 0.0452352 0.0697457
0 0.0501958 0.934208 0.0705506 0.0737162
0 0.166184 0.44124 0.0718316 0.0722378
0 0.667703 0.506147 0.0722425 0.076141
0 0.976682 0.16496 0.046635 0.0746601
0 0.300336 0.938695 0.0694121 0.0745492
0 0.930813 0.55089 0.0715907 0.0699455
0 0.665788 0.428215 0.0725884 0.0738018
0 0.671292 0.576444 0.0726775 0.074615
0 0.355451 0.543611 0.0709326 0.0724548
0 0.416142 0.145163 0.0702822 0.0694155
0 0.166018 0.363977 0.0708392 0.0724462
0 0.418475 0.216355 0.070383 0.0759694
0 0.426942 0.93637 0.0691793 0.0693685
0 0.357222 0.473446 0.0681089 0.0776086
0 0.473666 0.0398306 0.072055 0.0715383
0 0.604775 0.539456 0.0731694 0.072793
0 0.729678 0.470967 0.0705878 0.0716983
0 0.424512 0.863281 0.0691444 0.0704029
0 0.100322 0.112951 0.0722468 0.0706007
0 0.981547 0.728854 0.0369054 0.0726742
0 0.234036 0.687468 0.0725006 0.0701587
0 0.976731 0.303293 0.0465382 0.0699028
0 0.35661 0.40214 0.0689176 0.0695351
0 0.539014 0.144446 0.0716221 0.0706515
0 0.417409 0.433003 0.069188 0.0738435
0 0.108792 0.760225 0.0693122 0.0750818
0 0.225975 0.11219 0.0726712 0.0724806
0 0.66228 0.143656 0.0704786 0.0698176
0 0.112792 0.898007 0.0704703 0.0678699
0 0.607844 0.611536 0.0710202 0.0734582
0 0.354569 0.181938 0.0724669 0.07218
0 0.351444 0.0417219 0.0739129 0.0692777
0 0.238792 0.968736 0.0712811 0.0616317
0 0.925732 0.0570703 0.0704362 0.0748862
0 0.977373 0.0280805 0.045253 0.056161
0 0.610446 0.680606 0.0676085 0.0669985
0 0.237389 0.828528 0.0707315 0.0719993
0 0.614205 0.964195 0.0730293 0.0692449
0 0.663165 0.210005 0.0703349 0.0685327
0 0.981479 0.802216 0.037042 0.0682057
0 0.476819 0.325054 0.0726761 0.073069
0 0.47803 0.178552 0.0701414 0.0688055
0 0.290059 0.292771 0.0737444 0.0722531
0 0.237852 0.901496 0.0695163 0.0750146
0 0.977732 0.514794 0.0445358 0.0729039
0 0.601517 0.178075 0.0715954 0.0688975
0 0.115468 0.966002 0.0732543 0.06638
0 0.3524 0.111034 0.0725513 0.0723847
0 0.489425 0.965621 0.0698245 0.0659246
0 0.477614 0.472396 0.0724208 0.0700807
0 0.36265 0.900543 0.0693359 0.0738804
0 0.364418 0.967335 0.0733148 0.0635402
0 0.539882 0.504941 0.0740005 0.071352
0 0.353264 0.256979 0.0755106 0.0739583
0 0.600852 0.321366 0.0740291 0.0720359
0 0.479765 0.25134 0.0688677 0.0716672
0 0.935951 0.833018 0.0746639 0.0714366
0 0.287764 0.0210533 0.0753748 0.0410856
0 0.0391236 0.0796754 0.0680951 0.0724683
0 0.220763 0.0391172 0.0847714 0.077019
0 0.100507 0.185441 0.0755457 0.0764294
0 0.538193 0.07627 0.0734057 0.0685532
0 0.0414074 0.148503 0.0659922 0.0689496
0 0.290131 0.147418 0.0719843 0.0699739
0 0.164297 0.221791 0.0742283 0.0761381
0 0.539981 0.213651 0.0713764 0.0676333
0 0.664132 0.283586 0.0729856 0.0768459
0 0.227243 0.328004 0.0737727 0.0738431
0 0.661749 0.0702165 0.0788045 0.0782394
0 0.163795 0.292087 0.0728681 0.0719154
0 0.601042 0.39266 0.0728922 0.0732429
0 0.603045 0.469752 0.0731982 0.0695144
0 0.475885 0.109923 0.072429 0.0716325
0 0.540099 0.432967 0.0715905 0.0724062
0 0.226406 0.257368 0.0746848 0.0713949
0 0.0416536 0.224067 0.0688195 0.077757
0 0.163472 0.147118 0.0723267 0.070095
0 0.663207 0.356554 0.0737005 0.0745463
0 0.0992019 0.0434491 0.0752744 0.0693414
0 0.228351 0.184427 0.0719484 0.0723625
0 0.290765 0.221339 0.072713 0.0760174
0 0.0416354 0.297236 0.0693403 0.0732939
0 0.862015 0.0298693 0.0740452 0.0597385
0 0.171119 0.653543 0.0657032 0.0695541
0 0.935006 0.622699 0.0712576 0.0704763
0 0.10147 0.260856 0.0735026 0.074962
0 0.287988 0.0741978 0.0755002 0.071518
0 0.599739 0.107124 0.0737207 0.0744419
0 0.722875 0.0350757 0.0764771 0.0701514
0 0.0366275 0.0211775 0.0693151 0.0422089
0 0.412486 0.0206347 0.0750155 0.0394102
0 0.539353 0.360313 0.0745642 0.0717227
0 0.414386 0.0768793 0.0734361 0.0686023
0 0.93714 0.90356 0.0753331 0.0704409
0 0.981471 0.939789 0.0370588 0.075134
0 0.732287 0.610494 0.0643747 0.0692954
0 0.937662 0.968715 0.0743353 0.0625697
0 0.162103 0.0190907 0.0676607 0.0381815
0 0.53772 0.286829 0.0728756 0.0715538
0 0.600949 0.249637 0.0748436 0.072888
0 0.725898 0.389921 0.0730376 0.0718446
0 0.0121685 0.484124 0.0243369 0.0713841
0 0.937006 0.694697 0.0701245 0.0703471
0 0.0108456 0.616502 0.0216912 0.0620477
0 0.926997 0.198618 0.0685899 0.0690402
0 0.98057 0.65912 0.0388596 0.0694463
0 0.937769 0.764687 0.0744476 0.0686877
0 0.162088 0.0769909 0.0756306 0.0714286
0 0.599957 0.0366423 0.0746024 0.0688353
0 0.979563 0.591475 0.0408744 0.0693367
0 0.977458 0.090404 0.0450847 0.0721391
0 0.551312 0.982248 0.0709069 0.035273
0 0.0115892 0.769435 0.0231783 0.0658631
0 0.0113221 0.827139 0.0226443 0.0688882
0 0.724383 0.245905 0.0723364 0.0726467
0 0.733109 0.541644 0.0664135 0.0686743
0 0.120976 0.606107 0.0850618 0.0829833
0 0.0132951 0.414642 0.0265903 0.0679727
0 0.011451 0.899764 0.022902 0.0630149
0 0.0181564 0.397001 0.0363127 0.0755912
0 0.981586 0.869414 0.0368274 0.0694364
0 0.735614 0.962921 0.0653547 0.0658455
0 0.66209 0.0172524 0.0759258 0.0317956
0 0.678594 0.983732 0.0726297 0.0325367
0 0.559075 0.629613 0.0787122 0.092823
0 0.0126601 0.702099 0.0253202 0.0769793
0 0.0131963 0.968898 0.0263925 0.0571115
0 0.0519781 0.985875 0.0709545 0.0282503
0 0.873686 0.940483 0.0744209 0.0711811
0 0.725332 0.10725 0.071974 0.0717725
0 0.0112572 0.550678 0.0225144 0.0640545
0 0.86802 0.446195 0.0755787 0.0689378
0 0.928397 0.266454 0.0713851 0.0718511
0 0.301469 0.986398 0.0701495 0.0272042
0 0.429632 0.985184 0.0702089 0.0296326
0 0.87411 0.726855 0.0781813 0.0761292
0 0.733804 0.75359 0.0707033 0.077517
0 0.490723 0.674709 0.0773964 0.0855289
0 0.867722 0.36826 0.0735929 0.0710135
0 0.429235 0.785457 0.0745997 0.0800068
0 0.870779 0.583979 0.0762825 0.0696113
0 0.979874 0.984908 0.0402529 0.0301833
0 0.869062 0.51544 0.0777142 0.070559
0 0.926144 0.0113736 0.0675938 0.0227471
0 0.179131 0.986283 0.0704823 0.0274339
0 0.721657 0.177007 0.0702128 0.0679272
0 0.876121 0.987094 0.0669308 0.0258124
0 0.875468 0.871198 0.0701685 0.0687983
0 0.245544 0.596714 0.0764033 0.087821
0 0.874115 0.799473 0.0740979 0.0711101
0 0.873085 0.655542 0.0760283 0.0734022
0 0.0132856 0.621721 0.0265712 0.0658121
0 0.663753 0.0872133 0.0700139 0.0611356
0 0.724618 0.322786 0.0739781 0.0690213
0 0.0152539 0.559835 0.0305078 0.0628059
0 0.10792 0.532989 0.0686905 0.0764978
0 0.0351074 0.309358 0.0695071 0.0911807
0 0.0141685 0.686643 0.0283371 0.0675524
0 0.862648 0.0892285 0.0719101 0.0698774
0 0.722023 0.671204 0.0795224 0.0732634
0 0.0173358 0.838212 0.0346717 0.0626348
0 0.103084 0.280344 0.0717541 0.0621705
0 0.865892 0.157787 0.0706644 0.0718858
0 0.928484 0.0139156 0.0721827 0.0278313
0 0.617162 0.815478 0.076202 0.0743721
0 0.291395 0.336501 0.0729165 0.0695788
