0 0.0728864 0.224802 0.071528 0.27286
0 0.136814 0.591114 0.0709099 0.249387
0 0.451989 0.696994 0.0672686 0.256943
0 0.136654 0.347259 0.0719809 0.269285
0 0.865718 0.782355 0.0731165 0.264096
0 0.977318 0.768735 0.0453641 0.275064
0 0.513698 0.809888 0.0697917 0.253447
0 0.801426 0.647226 0.0694466 0.271078
0 0.199192 0.452931 0.0674928 0.257582
0 0.512575 0.315346 0.0715209 0.263049
0 0.512725 0.566483 0.070364 0.257508
0 0.0225912 0.349287 0.0451824 0.262956
0 0.32348 0.450582 0.0720119 0.258719
0 0.389308 0.820243 0.0704514 0.25366
0 0.260946 0.573545 0.0713372 0.256253
0 0.324723 0.695521 0.0710612 0.258415
0 0.0216721 0.601473 0.0433443 0.268521
0 0.387535 0.569421 0.0709489 0.261021
0 0.387172 0.317984 0.0714317 0.256245
0 0.741018 0.793104 0.0720274 0.260908
0 0.0735522 0.739499 0.0718569 0.276133
0 0.976937 0.47849 0.0461267 0.267596
0 0.976582 0.209102 0.0468351 0.257784
0 0.199095 0.192576 0.0704389 0.261595
0 0.449642 0.442938 0.0705552 0.265744
0 0.260291 0.326043 0.0722343 0.26337
0 0.864942 0.512585 0.0707742 0.27089
0 0.137062 0.852942 0.0697006 0.252299
0 0.927517 0.638274 0.0698848 0.274202
0 0.740074 0.519314 0.0701065 0.274606
0 0.863784 0.240025 0.0669849 0.261365
0 0.738694 0.25128 0.0676916 0.259597
0 0.801148 0.372148 0.0688064 0.259108
0 0.57251 0.444918 0.0658028 0.257843
0 0.926558 0.358152 0.0687039 0.269793
0 0.262279 0.826684 0.0691711 0.251482
0 0.323399 0.195611 0.0729766 0.267747
0 0.449384 0.188126 0.0715573 0.253727
0 0.676887 0.66611 0.0754119 0.272973
0 0.676474 0.388118 0.0726733 0.2654
0 0.570141 0.188929 0.0591416 0.244496
0 0.574677 0.700654 0.0705953 0.252622
0 0.0235367 0.109644 0.0470733 0.219287
0 0.136379 0.107153 0.0729364 0.214307
0 0.680293 0.136592 0.0734732 0.250771
0 0.409797 0.75079 0.0889309 0.330623
0 0.800655 0.123565 0.0669258 0.24713
0 0.38688 0.0987344 0.0713631 0.197469
0 0.924619 0.113371 0.0677193 0.226741
0 0.387692 0.781893 0.0775257 0.261311
0 0.92895 0.880302 0.0700965 0.2088
0 0.261359 0.099896 0.0713018 0.199792
0 0.325134 0.903975 0.0751184 0.19205
