0 0.413153 0.0521343 0.393465 0.069203
0 0.564167 0.410291 0.377179 0.067493
0 0.57053 0.482546 0.374459 0.0751578
0 0.583254 0.552207 0.359937 0.0678549
0 0.777702 0.0283074 0.372446 0.0566149
0 0.602083 0.620774 0.374298 0.0726078
0 0.550973 0.335992 0.372451 0.0686163
0 0.676419 0.936801 0.445736 0.0814216
0 0.637454 0.863798 0.378229 0.066926
0 0.455807 0.116786 0.411799 0.0758347
0 0.640944 0.798743 0.375915 0.0696507
0 0.481746 0.193856 0.41291 0.0716526
0 0.245413 0.379198 0.351849 0.0678423
0 0.514497 0.267395 0.385732 0.0729745
0 0.246555 0.448244 0.351847 0.06652
0 0.627063 0.693497 0.388345 0.0741794
0 0.256613 0.585329 0.364897 0.0691984
0 0.773495 0.0877346 0.373196 0.071366
0 0.33887 0.967652 0.416235 0.0646963
0 0.248458 0.518644 0.358016 0.0713301
0 0.324294 0.895771 0.395991 0.0703309
0 0.326478 0.830517 0.375029 0.0691549
0 0.684063 0.986137 0.379407 0.0277268
0 0.7903 0.157656 0.370193 0.0727485
0 0.827825 0.302378 0.32138 0.0696782
0 0.230552 0.310252 0.348193 0.0665704
