0 0.732157 0.0917381 0.376074 0.0723135
0 0.714773 0.0292491 0.377054 0.0584982
0 0.566669 0.77163 0.375163 0.0712042
0 0.58348 0.848764 0.374922 0.0803645
0 0.742567 0.163452 0.365339 0.0681902
0 0.437451 0.272807 0.36485 0.0685787
0 0.477155 0.41821 0.387995 0.0696068
0 0.502492 0.485746 0.400326 0.0697575
0 0.602059 0.922294 0.377633 0.0716126
0 0.395469 0.130491 0.381028 0.0758592
0 0.514755 0.559368 0.410119 0.0718385
0 0.615091 0.978777 0.395149 0.042393
0 0.389632 0.0581663 0.390281 0.0733701
0 0.550977 0.701467 0.386688 0.0735352
0 0.752134 0.234018 0.346013 0.0699432
0 0.46118 0.342356 0.384889 0.0733609
0 0.53666 0.630905 0.391554 0.071763
0 0.412308 0.201908 0.390751 0.0752864
0 0.763327 0.304665 0.353145 0.0717139
0 0.80905 0.519894 0.341956 0.0701615
0 0.277503 0.960011 0.396961 0.0763546
0 0.24688 0.813854 0.358379 0.071945
0 0.388998 0.0117372 0.38271 0.0234744
0 0.23803 0.738683 0.35744 0.0712018
0 0.256167 0.889403 0.368369 0.0716774
0 0.803953 0.450947 0.332556 0.0687836
0 0.218563 0.667923 0.368462 0.072428
0 0.793676 0.379101 0.335884 0.0721921
0 0.820793 0.589409 0.339037 0.0701168
0 0.206048 0.59502 0.361738 0.0694414
0 0.170028 0.383227 0.337907 0.072082
