0 0.779608 0.591339 0.0720311 0.075279
0 0.531315 0.31063 0.0657798 0.0743968
0 0.890321 0.956123 0.0640045 0.0699607
0 0.891029 0.887283 0.0635898 0.0676253
0 0.954486 0.773286 0.0687031 0.0735238
0 0.907311 0.0230856 0.0666465 0.0461712
0 0.961074 0.191025 0.0672553 0.0745126
0 0.894358 0.740596 0.0655434 0.0726722
0 0.351442 0.63752 0.0706564 0.0708349
0 0.778608 0.0239742 0.0691437 0.0479483
0 0.534967 0.0883904 0.074371 0.0769117
0 0.539749 0.457447 0.0681281 0.0696863
0 0.0421275 0.743191 0.0710008 0.0740625
0 0.166801 0.960761 0.0704949 0.0690702
0 0.960726 0.0462212 0.0636227 0.0687906
0 0.474229 0.422612 0.0705789 0.0692793
0 0.285803 0.028969 0.0720577 0.0579381
0 0.228497 0.855404 0.0731562 0.0729713
0 0.226651 0.0515953 0.0728764 0.0715909
0 0.477917 0.489578 0.0713494 0.0703159
0 0.163065 0.456322 0.0712158 0.0724467
0 0.957177 0.622634 0.068216 0.0728438
0 0.473379 0.351471 0.0714679 0.0757288
0 0.95007 0.921432 0.0691639 0.0743858
0 0.165747 0.675899 0.0707197 0.0693278
0 0.104349 0.924858 0.072186 0.0715179
0 0.952619 0.845797 0.0697641 0.0776688
0 0.165067 0.888959 0.0731784 0.0775371
0 0.10498 0.706149 0.0707865 0.0700781
0 0.832209 0.920206 0.0682948 0.0721453
0 0.0394656 0.673993 0.0696488 0.0701696
0 0.841178 0.414461 0.0719038 0.073192
0 0.0422229 0.958705 0.0711053 0.0719481
0 0.292069 0.959989 0.0703373 0.0705478
0 0.230113 0.708308 0.0718485 0.0708613
0 0.717825 0.703252 0.069706 0.0688981
0 0.105111 0.777687 0.0712712 0.0746002
0 0.774804 0.518959 0.0694873 0.0683141
0 0.95963 0.416024 0.0689826 0.0740879
0 0.775209 0.451354 0.0677468 0.068877
0 0.164309 0.605936 0.0739747 0.0744958
0 0.78064 0.15786 0.0781672 0.0810897
0 0.654178 0.956566 0.0720036 0.0697165
0 0.772928 0.956128 0.0698423 0.0718319
0 0.165234 0.529604 0.0733903 0.0782671
0 0.955719 0.699908 0.0661525 0.0727148
0 0.891652 0.816035 0.0643755 0.0709159
0 0.101983 0.637648 0.0730424 0.0680704
0 0.900071 0.453451 0.0699744 0.0721884
0 0.654336 0.888386 0.0679991 0.0674688
0 0.230198 0.927585 0.0698666 0.0693021
0 0.290803 0.820422 0.0731763 0.0708547
0 0.288778 0.457159 0.0723707 0.070856
0 0.22802 0.492189 0.0704544 0.0684224
0 0.772878 0.880626 0.067932 0.0747015
0 0.65944 0.454109 0.0764493 0.0715374
0 0.165071 0.239836 0.0711296 0.070388
0 0.415103 0.956983 0.0705 0.0724711
0 0.534741 0.956844 0.0687995 0.0705502
0 0.961691 0.337379 0.0622184 0.0682598
0 0.354917 0.783128 0.0713896 0.0781705
0 0.350895 0.42418 0.0720551 0.0708094
0 0.715635 0.113751 0.0747265 0.0691755
0 0.78027 0.238912 0.0753145 0.0694807
0 0.353669 0.851222 0.0729667 0.0676872
0 0.104451 0.979565 0.0727392 0.0408707
0 0.349563 0.351996 0.0741956 0.0752574
0 0.290936 0.890539 0.072172 0.0734756
0 0.167176 0.743543 0.0700841 0.0726798
0 0.957258 0.488898 0.0688281 0.0686543
0 0.59924 0.490088 0.075792 0.0708993
0 0.596317 0.852966 0.0704081 0.0725462
0 0.656871 0.812136 0.0707797 0.0771108
0 0.162719 0.384777 0.0740164 0.0716355
0 0.0422171 0.456785 0.0693829 0.0717583
0 0.162998 0.0286389 0.0773352 0.0572778
0 0.229098 0.979823 0.0715141 0.0403539
0 0.898247 0.157539 0.0662515 0.0700262
0 0.289252 0.60244 0.0743406 0.0732095
0 0.0407579 0.817187 0.0717246 0.0704467
0 0.412378 0.60251 0.0734744 0.0731535
0 0.843589 0.200318 0.0754676 0.0743331
0 0.833181 0.776867 0.066932 0.0704634
0 0.718062 0.487755 0.0714231 0.0688859
0 0.287545 0.386779 0.0740546 0.0735291
0 0.772561 0.809708 0.067161 0.06765
0 0.414945 0.526955 0.0742034 0.0751925
0 0.413866 0.455363 0.0736353 0.0711132
0 0.902421 0.377389 0.0696507 0.0737368
0 0.475797 0.705698 0.0721825 0.0710137
0 0.659867 0.601402 0.0723048 0.0755695
0 0.53836 0.740411 0.0710452 0.0699688
0 0.72059 0.201893 0.0727067 0.072107
0 0.905975 0.234954 0.0761318 0.072858
0 0.0410121 0.316406 0.0691733 0.0777615
0 0.411247 0.0291955 0.07441 0.0583909
0 0.896078 0.594284 0.0681775 0.0673823
0 0.599396 0.707661 0.0752208 0.0687919
0 0.842274 0.27166 0.0753405 0.0686091
0 0.660585 0.672562 0.0749687 0.0692925
0 0.166856 0.81684 0.0705899 0.0700202
0 0.0375516 0.0295382 0.0670374 0.0590765
0 0.0427287 0.531093 0.0694857 0.0756303
0 0.905839 0.30303 0.073807 0.0679062
0 0.71703 0.269979 0.0717778 0.0684827
0 0.227224 0.567163 0.0731236 0.0720243
0 0.660839 0.739166 0.0701499 0.0675157
0 0.101751 0.273044 0.0724483 0.0689191
0 0.716999 0.553831 0.0735608 0.0692059
0 0.957272 0.114659 0.0695511 0.0704631
0 0.477358 0.778595 0.0725944 0.0759931
0 0.103165 0.492491 0.0704769 0.0687245
0 0.713315 0.920307 0.0707817 0.0709181
0 0.719293 0.415773 0.0703354 0.0734444
0 0.658916 0.0889933 0.073231 0.0754206
0 0.289962 0.526986 0.0717502 0.0717459
0 0.772709 0.739398 0.0670403 0.0678861
0 0.713664 0.845655 0.0685956 0.0712996
0 0.533806 0.0270663 0.0720213 0.0541326
0 0.414305 0.885416 0.0726854 0.0709845
0 0.834704 0.979017 0.0715182 0.0419654
0 0.655547 0.303405 0.0763403 0.0706751
0 0.0395557 0.605506 0.0714782 0.0743955
0 0.41397 0.672871 0.0714028 0.0707114
0 0.595022 0.126581 0.0787221 0.0841949
0 0.10301 0.567925 0.0733295 0.0784698
0 0.228508 0.635974 0.0710841 0.0716472
0 0.654491 0.0273699 0.0744201 0.0547399
0 0.535447 0.885485 0.0724459 0.0719819
0 0.226375 0.276204 0.0710207 0.0697985
0 0.47338 0.633904 0.0752912 0.0751467
0 0.161772 0.093833 0.0784454 0.0810297
0 0.227933 0.785869 0.0743735 0.0704153
0 0.715349 0.771611 0.0686884 0.0663502
0 0.165088 0.311611 0.0731784 0.0731519
0 0.0395534 0.888453 0.0720671 0.0744275
0 0.718289 0.343142 0.0712484 0.0707965
0 0.837536 0.556486 0.0695943 0.0721263
0 0.658524 0.234563 0.074836 0.0711597
0 0.0388083 0.169079 0.0715598 0.0756501
0 0.224991 0.420374 0.0725402 0.0726956
0 0.594435 0.921048 0.0728655 0.0687673
0 0.719745 0.63221 0.069586 0.0715991
0 0.475704 0.851593 0.072216 0.06783
0 0.0998101 0.350396 0.0750401 0.0738382
0 0.348697 0.129385 0.0729849 0.0775367
0 0.0991468 0.133275 0.0733286 0.0730047
0 0.472252 0.0526266 0.0767188 0.0696574
0 0.899184 0.521455 0.0658883 0.0679013
0 0.351261 0.568326 0.0738498 0.0719866
0 0.101352 0.20356 0.0728125 0.073408
0 0.842678 0.336848 0.0750022 0.0675581
0 0.226646 0.20541 0.0749368 0.0710601
0 0.41584 0.817427 0.0720657 0.0695531
0 0.412812 0.386414 0.0734746 0.0730115
0 0.781005 0.307777 0.0749834 0.0746702
0 0.224589 0.351263 0.0727106 0.0711892
0 0.593324 0.0516906 0.0742917 0.0690783
0 0.536282 0.67106 0.0725744 0.073282
0 0.898209 0.662505 0.0672061 0.0729513
0 0.83332 0.847006 0.0679624 0.0709717
0 0.0393228 0.0936656 0.067326 0.0760107
0 0.163684 0.169748 0.0745856 0.0696771
0 0.353344 0.922309 0.0725419 0.0746973
0 0.957105 0.558482 0.0693748 0.0672069
0 0.410531 0.164146 0.0765718 0.0718708
0 0.0394993 0.386799 0.0708234 0.0722729
0 0.538244 0.814987 0.0714364 0.0745769
0 0.416642 0.740404 0.0695307 0.0707086
0 0.290895 0.746744 0.0677432 0.0668159
0 0.100979 0.421224 0.0730242 0.0733936
0 0.598565 0.774748 0.0725352 0.0679016
0 0.412399 0.314702 0.0737749 0.0761789
0 0.35123 0.492738 0.0724061 0.0679209
0 0.410336 0.0941391 0.0730458 0.0734875
0 0.098912 0.0607217 0.0734058 0.072125
0 0.597894 0.63504 0.0764662 0.0742233
0 0.589764 0.348862 0.0743248 0.0753294
0 0.658852 0.522132 0.0707769 0.0682645
0 0.714864 0.0503913 0.0704165 0.0675744
0 0.286686 0.31421 0.0733402 0.074087
0 0.472473 0.128739 0.0770788 0.0762912
0 0.223229 0.131226 0.0733871 0.0732904
0 0.78095 0.378846 0.0728576 0.0712478
0 0.838112 0.630964 0.0666261 0.0681833
0 0.476707 0.921816 0.0747858 0.0701072
0 0.475502 0.979134 0.0727713 0.0417315
0 0.716995 0.0107519 0.0625052 0.0215039
0 0.353444 0.980691 0.0737387 0.0386174
0 0.599089 0.563926 0.0722604 0.0731856
0 0.593863 0.203508 0.0739648 0.0692065
0 0.657061 0.380242 0.0741239 0.0708471
0 0.716576 0.978251 0.0744057 0.0434982
0 0.839461 0.701974 0.0760062 0.0721078
0 0.346533 0.274391 0.0710146 0.0672697
0 0.591272 0.269009 0.0792923 0.071122
0 0.841829 0.0447924 0.0734496 0.0666963
0 0.101819 0.85209 0.0750536 0.0737487
0 0.0997397 0.012841 0.0704045 0.025682
0 0.987955 0.885891 0.0236771 0.0729129
0 0.65962 0.162735 0.0724607 0.0751386
0 0.595649 0.979052 0.0744525 0.0418965
0 0.987155 0.959017 0.0256901 0.0648239
0 0.963599 0.269471 0.0620177 0.0696188
0 0.285153 0.24122 0.0690009 0.07169
0 0.595692 0.417865 0.0732101 0.0712816
0 0.843395 0.0148037 0.0752531 0.0292803
0 0.84173 0.121227 0.0709798 0.0734365
0 0.983912 0.741194 0.0292909 0.0609511
0 0.535987 0.598286 0.073145 0.0730766
0 0.0398318 0.244371 0.0700853 0.0709894
0 0.591549 0.0119348 0.0666894 0.0238695
0 0.472034 0.275177 0.0698493 0.0712286
0 0.290044 0.675437 0.0687616 0.0723352
0 0.472722 0.0116211 0.0665836 0.0232421
0 0.226504 0.0120848 0.068948 0.0241696
0 0.475448 0.560775 0.0716966 0.0671029
0 0.942079 0.983523 0.0705531 0.0329541
0 0.975731 0.829111 0.0459955 0.0881693
0 0.285685 0.169546 0.0649683 0.0674139
0 0.413887 0.428084 0.0729668 0.074401
