0 0.0272533 0.0931567 0.0527644 0.071503
0 0.0777166 0.129174 0.0643044 0.0705093
0 0.199771 0.126884 0.0723733 0.0717158
0 0.641557 0.293894 0.0661566 0.0713379
0 0.515615 0.223603 0.0684898 0.0709063
0 0.579893 0.258164 0.0698553 0.0722692
0 0.640618 0.222459 0.0659368 0.0681998
0 0.085816 0.699406 0.0716719 0.0718982
0 0.512871 0.152885 0.0708882 0.0734274
0 0.576789 0.184467 0.0669751 0.0709315
0 0.264398 0.160122 0.0671656 0.0717196
0 0.5758 0.116726 0.0665293 0.0682655
0 0.198467 0.0530445 0.0723039 0.0705341
0 0.579963 0.397514 0.0665159 0.0691715
0 0.265762 0.231527 0.0654402 0.0686373
0 0.713701 0.822348 0.0662076 0.0675284
0 0.203711 0.19921 0.0665073 0.0684873
0 0.272378 0.586235 0.0679799 0.0716019
0 0.699159 0.184352 0.0693964 0.0729663
0 0.267791 0.302022 0.0669239 0.0694284
0 0.0299803 0.521408 0.0599606 0.0707103
0 0.325362 0.194828 0.0708293 0.0707911
0 0.139791 0.164135 0.0692178 0.0735024
0 0.700925 0.256845 0.0687625 0.0696992
0 0.454815 0.3319 0.0670981 0.0695021
0 0.389381 0.229577 0.0687916 0.0709953
0 0.70351 0.39507 0.0657773 0.0704534
0 0.453981 0.260032 0.0695735 0.0717492
0 0.702402 0.325971 0.0664613 0.0696356
0 0.26093 0.0281071 0.0742266 0.0562143
0 0.516219 0.294828 0.066598 0.068862
0 0.517516 0.362787 0.0687863 0.0708041
0 0.386788 0.15812 0.0713412 0.0679496
0 0.343176 0.904826 0.0728418 0.0719893
0 0.206154 0.268892 0.0678099 0.0699278
0 0.579637 0.328763 0.0685554 0.0681906
0 0.0806567 0.269362 0.0680642 0.0692682
0 0.2813 0.800757 0.0728469 0.0705271
0 0.0787869 0.201605 0.0674301 0.0700632
0 0.135835 0.0891831 0.0712045 0.0758701
0 0.39247 0.299391 0.0681295 0.0710043
0 0.961638 0.26994 0.0673845 0.0685746
0 0.33113 0.335764 0.0684187 0.0676998
0 0.0323514 0.737317 0.0647029 0.0711557
0 0.961311 0.199707 0.0665557 0.0679724
0 0.637252 0.145972 0.0701219 0.0696263
0 0.27606 0.725952 0.0751901 0.0755222
0 0.340942 0.765428 0.0738575 0.0727525
0 0.584761 0.545038 0.0693719 0.0698361
0 0.328846 0.265331 0.0685745 0.0718297
0 0.272706 0.517074 0.0691056 0.0689416
0 0.708799 0.540221 0.0704716 0.0756407
0 0.523108 0.510661 0.0684218 0.0688053
0 0.708988 0.611889 0.0695547 0.0704734
0 0.0774104 0.056783 0.0638989 0.0687376
0 0.0835747 0.487342 0.070579 0.0698671
0 0.0927579 0.840645 0.0772364 0.0705411
0 0.13511 0.0274044 0.0723928 0.0548088
0 0.0326276 0.804118 0.0634216 0.066659
0 0.383302 0.0259035 0.0700464 0.051807
0 0.448804 0.120816 0.0714808 0.0693038
0 0.143285 0.236132 0.069609 0.0708899
0 0.148823 0.451678 0.0716537 0.070331
0 0.46066 0.547967 0.0710059 0.0709411
0 0.0369043 0.953825 0.0738086 0.0730644
0 0.70634 0.680064 0.066896 0.0673292
0 0.334721 0.47913 0.0685259 0.0686888
0 0.529371 0.938903 0.0729156 0.0728867
0 0.324438 0.123021 0.0708187 0.0706175
0 0.402618 0.80101 0.0734436 0.0691688
0 0.524727 0.582014 0.072928 0.0712332
0 0.157772 0.734376 0.0812109 0.0728681
0 0.0836411 0.553642 0.0709617 0.0673392
0 0.394831 0.372142 0.0682813 0.0679088
0 0.44977 0.190434 0.0700915 0.0735186
0 0.0843614 0.417106 0.0697754 0.0705535
0 0.588641 0.896311 0.0712333 0.0693688
0 0.160245 0.946635 0.0752864 0.0743992
0 0.968314 0.771273 0.063365 0.0729163
0 0.648101 0.577593 0.0699631 0.0713339
0 0.0259655 0.241532 0.051931 0.0692576
0 0.406153 0.941503 0.0756209 0.0752255
0 0.14721 0.37833 0.0698214 0.0712311
0 0.960605 0.127225 0.0678382 0.0711537
0 0.965346 0.486083 0.0693077 0.0731722
0 0.211247 0.483599 0.0698836 0.0696548
0 0.271048 0.374038 0.0696887 0.0705047
0 0.272784 0.447811 0.0696999 0.0726714
0 0.581606 0.470574 0.0678859 0.0750613
0 0.590302 0.61293 0.0740263 0.0689503
0 0.46439 0.76355 0.0715758 0.0703402
0 0.384929 0.0845081 0.0691464 0.0700411
0 0.0297468 0.382451 0.0594935 0.0729543
0 0.466071 0.832049 0.07721 0.06914
0 0.968239 0.916837 0.0635225 0.0790157
0 0.708257 0.753432 0.0698595 0.0755837
0 0.0285437 0.660222 0.0570874 0.0758142
0 0.520927 0.437762 0.0694523 0.0726827
0 0.211252 0.552062 0.0707535 0.0690076
0 0.151706 0.518731 0.0754774 0.0688991
0 0.651389 0.861653 0.0738579 0.071975
0 0.457027 0.401995 0.068526 0.0731301
0 0.697366 0.110814 0.0689152 0.0702737
0 0.45989 0.474507 0.0692205 0.0695392
0 0.460451 0.618861 0.070199 0.0722001
0 0.336137 0.617925 0.0749044 0.0696342
0 0.210374 0.410286 0.0682266 0.0694622
0 0.706731 0.465667 0.0683218 0.0692376
0 0.644164 0.434554 0.0693915 0.0671486
0 0.587439 0.686479 0.0679898 0.0699352
0 0.15031 0.593207 0.0723492 0.0703843
0 0.528408 0.796957 0.074105 0.0711733
0 0.083343 0.343288 0.0693926 0.0720043
0 0.334273 0.408195 0.0686182 0.0692628
0 0.405542 0.729045 0.0731598 0.0744385
0 0.284978 0.945882 0.0723317 0.0755635
0 0.650109 0.645891 0.0726719 0.0685086
0 0.324488 0.0520387 0.0702255 0.07081
0 0.396678 0.440324 0.068656 0.0688899
0 0.588883 0.828481 0.0716496 0.0708869
0 0.280333 0.868285 0.0725593 0.0662813
0 0.463209 0.68924 0.0697534 0.0701478
0 0.398641 0.583619 0.0700123 0.0685616
0 0.40002 0.65549 0.0680933 0.0707667
0 0.0848632 0.622999 0.074086 0.0722051
0 0.467728 0.969894 0.0740271 0.0602121
0 0.207871 0.338671 0.0683726 0.0723317
0 0.444577 0.0479788 0.0749717 0.0690606
0 0.397486 0.513646 0.0709256 0.0715184
0 0.968584 0.699476 0.0628326 0.0757146
0 0.0263502 0.0290184 0.0515885 0.0580368
0 0.757855 0.145177 0.0726216 0.0723531
0 0.144902 0.303262 0.070384 0.0671566
0 0.647825 0.720135 0.0681717 0.070558
0 0.645922 0.501958 0.0691875 0.0696335
0 0.334866 0.549688 0.0723555 0.0706959
0 0.220998 0.834713 0.0723224 0.0674691
0 0.712916 0.963006 0.0762528 0.070242
0 0.588362 0.756759 0.0653964 0.0682886
0 0.525853 0.653142 0.0716639 0.0705142
0 0.650202 0.790707 0.0691168 0.0675188
0 0.528259 0.865639 0.0724108 0.0686862
0 0.220983 0.908961 0.0787586 0.0786505
0 0.960002 0.0552158 0.0690461 0.0679382
0 0.528031 0.72303 0.0713999 0.0710068
0 0.962751 0.343336 0.0650132 0.0723222
0 0.760102 0.220673 0.0717173 0.073866
0 0.158737 0.87188 0.0756128 0.0740731
0 0.214427 0.620101 0.0729645 0.0721344
0 0.467208 0.900837 0.0778859 0.0713218
0 0.0964347 0.912135 0.073421 0.0746166
0 0.963883 0.417904 0.0651853 0.0693613
0 0.077462 0.0107744 0.0638072 0.0215487
0 0.965723 0.558695 0.0682507 0.0762606
0 0.030252 0.453281 0.0605039 0.0717278
0 0.198625 0.012042 0.0706669 0.024084
0 0.589453 0.253356 0.0839394 0.0820423
0 0.028436 0.306858 0.0568719 0.0705122
0 0.220774 0.767508 0.074828 0.0725545
0 0.965948 0.630409 0.0629926 0.068162
0 0.0348457 0.883565 0.0696913 0.0765076
0 0.215438 0.694909 0.0639809 0.0640644
0 0.153589 0.663323 0.0741347 0.0701649
0 0.0946579 0.973327 0.077089 0.0533451
0 0.967582 0.844965 0.0648359 0.0714242
0 0.222656 0.972312 0.0746077 0.0553756
0 0.161425 0.802094 0.0762181 0.0679835
0 0.901153 0.0278772 0.0695089 0.0557543
0 0.968215 0.976745 0.0616312 0.0443678
0 0.635045 0.0764376 0.0721869 0.0723579
0 0.504627 0.0236054 0.0726197 0.0458767
0 0.403732 0.866552 0.0697248 0.0675879
0 0.768906 0.861466 0.0641737 0.074357
0 0.342154 0.692666 0.0740502 0.0716147
0 0.346881 0.971271 0.0700286 0.057459
0 0.908056 0.956244 0.0823858 0.0806611
0 0.764876 0.43451 0.068119 0.0736777
0 0.913104 0.736399 0.0713618 0.07095
0 0.761251 0.356497 0.0697088 0.0712379
0 0.760513 0.287938 0.0709838 0.0659193
0 0.32505 0.0104791 0.0668128 0.0209582
0 0.694288 0.0444618 0.0667441 0.0627736
0 0.774006 0.930365 0.0658931 0.0666718
0 0.908262 0.520729 0.0719383 0.0707014
0 0.912208 0.807814 0.072171 0.0736089
0 0.902041 0.0914551 0.0743668 0.0728687
0 0.905398 0.303383 0.0717504 0.0701934
0 0.911656 0.880733 0.0745318 0.073714
0 0.905147 0.379326 0.0753353 0.0776243
0 0.857117 0.0335561 0.0716077 0.0652583
0 0.486394 0.250427 0.0882008 0.0914872
0 0.904987 0.235916 0.0690308 0.068507
0 0.90773 0.594812 0.0753829 0.0751739
0 0.90206 0.163138 0.0764132 0.0758509
0 0.441954 0.0220811 0.0682232 0.0422572
0 0.963011 0.0120212 0.0653803 0.0240423
0 0.905701 0.452109 0.0754625 0.0725109
0 0.909436 0.667503 0.0715027 0.0718238
0 0.769474 0.502692 0.0663632 0.0736432
0 0.382594 0.247091 0.0739767 0.0917203
0 0.756026 0.0765009 0.0705132 0.0671307
0 0.161787 0.981059 0.0736944 0.036061
0 0.769427 0.787324 0.0624373 0.069569
0 0.0375457 0.938437 0.0739904 0.0844585
0 0.304393 0.016355 0.0475155 0.0301853
0 0.285975 0.978205 0.0728336 0.0409006
0 0.780833 0.983334 0.0966166 0.0333315
0 0.390741 0.287536 0.0682986 0.0697631
