0 0.468531 0.0141115 0.0701436 0.0282231
0 0.109008 0.431791 0.0654958 0.0706253
0 0.958808 0.12269 0.064939 0.0701026
0 0.961924 0.345686 0.0667375 0.0741397
0 0.235064 0.64466 0.06663 0.0681787
0 0.293878 0.462379 0.0712917 0.0718368
0 0.169658 0.464085 0.0683647 0.0704027
0 0.662582 0.536019 0.0731467 0.0739979
0 0.293664 0.394754 0.0707417 0.0699155
0 0.234042 0.858344 0.0668861 0.0695637
0 0.233822 0.576522 0.066553 0.0731617
0 0.168806 0.396636 0.0687535 0.0696883
0 0.295802 0.609745 0.0681734 0.0727842
0 0.0471621 0.612612 0.0652657 0.0696069
0 0.171259 0.537444 0.0680559 0.0756827
0 0.108977 0.503007 0.0661816 0.0766215
0 0.0477295 0.468078 0.0667318 0.067812
0 0.35561 0.43097 0.0675619 0.0730639
0 0.231941 0.501905 0.0684118 0.0713561
0 0.172741 0.89581 0.0665948 0.0670021
0 0.108208 0.572581 0.0692405 0.0741091
0 0.0459345 0.537144 0.0678524 0.0736489
0 0.294346 0.895838 0.0672066 0.0705225
0 0.234131 0.927287 0.0667655 0.0714428
0 0.293621 0.53721 0.0708132 0.0761655
0 0.296425 0.677247 0.0673944 0.0689807
0 0.230528 0.42903 0.0694214 0.0725176
0 0.110612 0.646563 0.0671833 0.0696175
0 0.531254 0.241221 0.0767553 0.0689526
0 0.355384 0.503393 0.0693599 0.067721
0 0.903489 0.457281 0.071852 0.0686625
0 0.173609 0.754883 0.0686422 0.0724435
0 0.35659 0.643544 0.0678977 0.0706501
0 0.598634 0.573939 0.0705014 0.0684735
0 0.404264 0.0356257 0.0788142 0.0712514
0 0.174063 0.60992 0.0683917 0.0704268
0 0.173433 0.680154 0.0676095 0.0736847
0 0.234728 0.712025 0.0657784 0.0700225
0 0.295758 0.964385 0.0662391 0.0656085
0 0.17271 0.82787 0.0677677 0.0715117
0 0.597471 0.642862 0.0712266 0.0713303
0 0.293323 0.823758 0.0696754 0.0731168
0 0.172682 0.961039 0.0657825 0.0660598
0 0.0481592 0.678269 0.0664106 0.066473
0 0.233779 0.78896 0.0662742 0.0691884
0 0.355632 0.573452 0.069761 0.0721551
0 0.110606 0.712988 0.0672377 0.0699871
0 0.961615 0.496198 0.0628142 0.068176
0 0.0478404 0.824973 0.0670807 0.0696297
0 0.905448 0.387776 0.0696237 0.0707492
0 0.294931 0.74884 0.0684782 0.0764675
0 0.719382 0.20409 0.0708747 0.0687236
0 0.537978 0.61065 0.0711422 0.0705101
0 0.476823 0.644229 0.0700156 0.0707496
0 0.477862 0.861678 0.0732673 0.0720845
0 0.965138 0.571151 0.0697244 0.0787034
0 0.350941 0.207128 0.0716706 0.0705139
0 0.470767 0.207476 0.0694621 0.0689703
0 0.352777 0.862803 0.070713 0.0716951
0 0.105839 0.359498 0.0706865 0.0734916
0 0.908749 0.826585 0.0690916 0.0693829
0 0.72673 0.863253 0.0720429 0.0698544
0 0.960669 0.274397 0.0640607 0.0681308
0 0.290345 0.320896 0.0718743 0.0709112
0 0.778405 0.169275 0.0704308 0.0699479
0 0.110124 0.791067 0.0689603 0.0731888
0 0.167035 0.178252 0.0689909 0.0706374
0 0.849309 0.860575 0.0712998 0.0700724
0 0.353216 0.788587 0.0727388 0.0743554
0 0.477658 0.791183 0.0727291 0.0733149
0 0.356433 0.714635 0.0682421 0.0733624
0 0.288289 0.174662 0.0721828 0.0711461
0 0.104584 0.287794 0.0736349 0.071392
0 0.0429748 0.177612 0.0691595 0.0701749
0 0.168366 0.322406 0.0691443 0.072391
0 0.0487614 0.751294 0.0679704 0.0734434
0 0.414382 0.393257 0.0724273 0.0725321
0 0.903026 0.238005 0.0738505 0.0717959
0 0.595116 0.205672 0.0783169 0.0721218
0 0.604094 0.93111 0.0725791 0.0729353
0 0.043312 0.252491 0.0702757 0.079927
0 0.476058 0.575602 0.0720762 0.0728347
0 0.660045 0.16853 0.0723144 0.0709031
0 0.416008 0.610541 0.0707327 0.0718075
0 0.105602 0.215376 0.0705893 0.0722799
0 0.538083 0.393063 0.073112 0.0710856
0 0.41129 0.319528 0.0729011 0.0733631
0 0.540943 0.896863 0.070547 0.0700724
0 0.111541 0.92868 0.0680622 0.0658944
0 0.964981 0.64457 0.0696249 0.0723622
0 0.167376 0.253453 0.0712831 0.0685605
0 0.0475699 0.397187 0.0663928 0.072765
0 0.110024 0.861858 0.0691901 0.0708065
0 0.417222 0.679329 0.0699059 0.0687207
0 0.909131 0.896293 0.0706633 0.0679274
0 0.780359 0.239293 0.0749981 0.0705706
0 0.103757 0.142332 0.0727743 0.0736553
0 0.722246 0.426874 0.0714706 0.0698431
0 0.897317 0.0270964 0.0696383 0.0541927
0 0.845446 0.425341 0.0771362 0.0714575
0 0.665242 0.895718 0.0701158 0.0699035
0 0.414982 0.897176 0.0720718 0.0713277
0 0.719067 0.132992 0.0708504 0.0731612
0 0.958935 0.201707 0.0619278 0.072913
0 0.228827 0.287119 0.0725146 0.0712163
0 0.788589 0.896055 0.0712717 0.0694916
0 0.907504 0.681867 0.0706649 0.0680103
0 0.355305 0.937475 0.0704565 0.0717657
0 0.538677 0.678641 0.0710093 0.0688441
0 0.3521 0.356963 0.0708715 0.0741482
0 0.22619 0.141979 0.0724803 0.0726564
0 0.660647 0.392212 0.0726516 0.0713426
0 0.83825 0.128267 0.0684414 0.0715916
0 0.533917 0.030582 0.0750481 0.0611639
0 0.849743 0.928514 0.0720932 0.069869
0 0.903866 0.311342 0.0718189 0.0743849
0 0.599574 0.426917 0.0705957 0.0692722
0 0.958207 0.0544836 0.0679059 0.0700947
0 0.843781 0.35235 0.0726938 0.0737355
0 0.289339 0.24384 0.0708423 0.0701714
0 0.415008 0.96826 0.0723368 0.0627024
0 0.0426631 0.321804 0.0701262 0.0701182
0 0.417569 0.751363 0.0704556 0.0736064
0 0.725409 0.714863 0.0749714 0.0744045
0 0.848109 0.790163 0.0725996 0.0748062
0 0.0407375 0.108225 0.0717658 0.0742254
0 0.0120383 0.927234 0.0240766 0.0619072
0 0.658543 0.238232 0.0738509 0.0720235
0 0.714112 0.0570438 0.0712129 0.0746209
0 0.77863 0.0926012 0.0737329 0.0757502
0 0.966499 0.930214 0.0664852 0.0679436
0 0.415546 0.540076 0.0723047 0.0710027
0 0.897961 0.0904468 0.0697074 0.0724685
0 0.228424 0.214147 0.0707903 0.0714702
0 0.909023 0.609136 0.075891 0.0697446
0 0.0506214 0.962683 0.0728396 0.0722003
0 0.725951 0.793322 0.0730332 0.0758903
0 0.901826 0.162917 0.0697047 0.0706619
0 0.659843 0.31947 0.0729795 0.0756198
0 0.287631 0.103038 0.0738593 0.0760424
0 0.6631 0.827863 0.0728164 0.0725322
0 0.0486194 0.894869 0.0670533 0.0686374
0 0.101636 0.0715001 0.0726346 0.0701456
0 0.965141 0.714036 0.0690379 0.0734007
0 0.964627 0.861585 0.0682957 0.071092
0 0.476696 0.429041 0.0697607 0.0687094
0 0.416305 0.469224 0.071493 0.0753381
0 0.77957 0.0279016 0.0763658 0.0558032
0 0.540053 0.965185 0.0707707 0.0650251
0 0.840187 0.2034 0.0745554 0.0726634
0 0.478558 0.714358 0.0698876 0.0723615
0 0.847611 0.64269 0.0758808 0.071198
0 0.65506 0.0278818 0.0698742 0.0557636
0 0.59967 0.714985 0.0730939 0.0732375
0 0.225238 0.068082 0.0743414 0.0749805
0 0.787535 0.827122 0.0722725 0.0726891
0 0.538802 0.539612 0.0744243 0.0754473
0 0.351167 0.139659 0.0741249 0.0688055
0 0.661931 0.460493 0.0729781 0.0678623
0 0.656955 0.0949618 0.0732481 0.0767034
0 0.0132847 0.645898 0.0265694 0.0606711
0 0.0136641 0.585694 0.0273283 0.06749
0 0.848154 0.71161 0.0725648 0.0681491
0 0.416571 0.82285 0.0717726 0.0746703
0 0.539578 0.827027 0.0723325 0.0734978
0 0.477854 0.50208 0.0712315 0.0755677
0 0.60055 0.500981 0.0739326 0.0785984
0 0.538769 0.754863 0.0734525 0.0736525
0 0.594691 0.132409 0.075191 0.0727451
0 0.787371 0.678544 0.0704365 0.0689998
0 0.726463 0.935218 0.0729957 0.0737735
0 0.719444 0.276686 0.0758026 0.0759548
0 0.600893 0.790519 0.0731289 0.0709012
0 0.0401372 0.0372548 0.072959 0.0729906
0 0.0118679 0.8621 0.0237358 0.065392
0 0.538548 0.462894 0.0731351 0.0708828
0 0.411611 0.170779 0.0724543 0.0720532
0 0.598072 0.279616 0.075353 0.0755956
0 0.722008 0.355968 0.0753704 0.0722856
0 0.662909 0.756301 0.0761034 0.0770079
0 0.847331 0.572005 0.0734254 0.0739667
0 0.478338 0.934763 0.0724465 0.0735401
0 0.661399 0.680474 0.0740778 0.0701892
0 0.663356 0.966795 0.0734785 0.0660917
0 0.599133 0.357666 0.0724746 0.0748396
0 0.285491 0.0311154 0.0755894 0.0622309
0 0.471185 0.138058 0.0728855 0.0710675
0 0.594205 0.0580891 0.0753213 0.0745547
0 0.348008 0.0674975 0.0721903 0.0726548
0 0.845191 0.495439 0.0755215 0.0732677
0 0.909183 0.535521 0.0730269 0.0745037
0 0.53722 0.318565 0.0741754 0.0806606
0 0.229269 0.357938 0.0724379 0.0746369
0 0.783336 0.390631 0.0762579 0.0719953
0 0.164465 0.10407 0.0717798 0.0733752
0 0.842398 0.272718 0.0746529 0.0688856
0 0.837907 0.0535294 0.0683305 0.068458
0 0.235011 0.984369 0.0688092 0.0312626
0 0.7868 0.753227 0.0720643 0.073395
0 0.786762 0.966381 0.0740162 0.0662568
0 0.908525 0.747946 0.0744014 0.0697902
0 0.909594 0.964918 0.0709529 0.0628481
0 0.601788 0.860368 0.0725834 0.0728459
0 0.72225 0.497183 0.0735165 0.0702431
0 0.40877 0.101653 0.0698247 0.0676166
0 0.0999631 0.019423 0.0750653 0.0364737
0 0.162229 0.036054 0.0734721 0.0673175
0 0.783159 0.464954 0.0740774 0.0713933
0 0.411134 0.241327 0.0704347 0.070856
0 0.783822 0.534759 0.0776972 0.0730457
0 0.725111 0.572297 0.0738399 0.0719186
0 0.783001 0.316248 0.0713596 0.0726309
0 0.0110417 0.428551 0.0220835 0.0634308
0 0.349916 0.285222 0.0733835 0.0722888
0 0.474371 0.357297 0.0733126 0.0767578
0 0.531542 0.0957025 0.0733311 0.074977
0 0.113466 0.98223 0.0700557 0.035539
0 0.531248 0.171582 0.0734189 0.0697753
0 0.785986 0.607842 0.0768847 0.0712643
0 0.0534611 0.886231 0.0705033 0.0826743
0 0.0125526 0.787902 0.0251053 0.0687222
0 0.965836 0.786201 0.0632071 0.0700612
0 0.724378 0.641756 0.0768023 0.0704626
0 0.355939 0.986136 0.0696149 0.0277276
0 0.224795 0.0162344 0.0692202 0.0324689
0 0.345035 0.0136028 0.0625287 0.0272057
0 0.965145 0.983106 0.0607448 0.033787
0 0.0120916 0.712752 0.0241833 0.0629091
0 0.478042 0.986514 0.0706618 0.0269729
0 0.603576 0.986435 0.0723243 0.0271297
0 0.0128571 0.367479 0.0257142 0.0647829
0 0.0376026 0.18637 0.0732078 0.0871468
0 0.850262 0.985336 0.0736046 0.0293279
0 0.726977 0.986289 0.072185 0.0274211
0 0.0962766 0.868587 0.086561 0.0831904
0 0.0128062 0.433434 0.0256125 0.0663664
0 0.594602 0.011812 0.0655742 0.0236239
0 0.0159689 0.517632 0.0319379 0.0856329
0 0.712964 0.0113965 0.0622858 0.0227931
0 0.0663224 0.403153 0.0950294 0.067343
0 0.0183454 0.590405 0.0366908 0.0579314
0 0.959956 0.0107521 0.0643131 0.0215042
0 0.840772 0.0116618 0.0610662 0.0233235
0 0.959978 0.213217 0.0584466 0.0581049
0 0.0173485 0.978789 0.0346969 0.0424216
0 0.0443265 0.379401 0.0692157 0.0695012
0 0.0590242 0.45883 0.0848833 0.0780063
0 0.0214437 0.373902 0.0428874 0.0617465
0 0.0481106 0.858127 0.0665924 0.0545803
0 0.477161 0.586815 0.0693796 0.064445
0 0.0459897 0.598158 0.0666576 0.0672151
0 0.0379044 0.311036 0.0758088 0.0626541
0 0.345594 0.978128 0.0816565 0.0437436
