0 0.863417 0.707438 0.0668228 0.252591
0 0.115566 0.749698 0.0702956 0.257135
0 0.981723 0.778182 0.0365542 0.279661
0 0.557972 0.801921 0.0712047 0.24893
0 0.049387 0.347444 0.0694606 0.255541
0 0.929137 0.332301 0.0697303 0.252635
0 0.978376 0.500782 0.0432484 0.267531
0 0.618189 0.683456 0.0716031 0.254276
0 0.0512983 0.607563 0.0698389 0.271718
0 0.866754 0.452511 0.0701858 0.257774
0 0.804739 0.57132 0.0687981 0.255184
0 0.498347 0.673789 0.0717752 0.254882
0 0.179803 0.612615 0.0723347 0.272775
0 0.928633 0.593485 0.0707126 0.264476
0 0.0143258 0.772414 0.0286516 0.270474
0 0.114107 0.484188 0.0702395 0.270903
0 0.315026 0.781711 0.0775285 0.266162
0 0.441142 0.794324 0.0747927 0.256418
0 0.499401 0.394493 0.0688303 0.279503
0 0.620227 0.430327 0.0740366 0.263867
0 0.744984 0.690859 0.0696799 0.248963
0 0.977864 0.23322 0.0442716 0.252373
0 0.379931 0.363378 0.0760008 0.261497
0 0.811209 0.318784 0.0710726 0.252665
0 0.557984 0.547419 0.069813 0.253052
0 0.178409 0.339901 0.0744846 0.264252
0 0.682101 0.812352 0.0738612 0.246504
0 0.439954 0.524305 0.073109 0.290079
0 0.379654 0.655594 0.0743903 0.278589
0 0.0127089 0.481727 0.0254177 0.245514
0 0.249908 0.672575 0.0822535 0.27658
0 0.557477 0.278201 0.0708985 0.267201
0 0.68599 0.559066 0.0787715 0.263966
0 0.313725 0.506964 0.0812961 0.27355
0 0.311848 0.256378 0.0758876 0.264791
0 0.747305 0.434685 0.0720804 0.257782
0 0.802675 0.81405 0.0684993 0.23924
0 0.68806 0.293974 0.0736847 0.264038
0 0.247969 0.38981 0.078159 0.265626
0 0.86999 0.196453 0.0697179 0.260167
0 0.441475 0.252879 0.0686779 0.259854
0 0.113656 0.217508 0.0724618 0.272404
0 0.621652 0.154236 0.0735509 0.267154
0 0.749483 0.164474 0.0687 0.264843
0 0.247784 0.143387 0.0738335 0.255325
0 0.380429 0.127907 0.0708957 0.249799
0 0.0124188 0.210315 0.0248375 0.249615
0 0.928342 0.856555 0.0735288 0.266244
0 0.49843 0.149207 0.0685186 0.236839
0 0.178495 0.0990834 0.0702896 0.198167
0 0.932559 0.110176 0.0655041 0.209082
0 0.0508118 0.878259 0.0673397 0.231268
0 0.179035 0.864926 0.0701062 0.228976
0 0.0490487 0.106581 0.0648079 0.213162
0 0.810296 0.0959678 0.0663183 0.191936
