0 0.922586 0.126503 0.0694404 0.0743578
0 0.035397 0.571117 0.070678 0.0767348
0 0.957693 0.384561 0.0716472 0.0748976
0 0.85743 0.153305 0.0711186 0.0775147
0 0.976946 0.94779 0.0461081 0.0626818
0 0.100145 0.179445 0.0746 0.0703475
0 0.0379479 0.864571 0.0682082 0.0727227
0 0.851076 0.228136 0.0753617 0.0759013
0 0.16364 0.146196 0.0697984 0.070966
0 0.343999 0.673183 0.0723095 0.0704782
0 0.925304 0.916639 0.070317 0.068759
0 0.224751 0.389597 0.0709049 0.0705149
0 0.101356 0.250116 0.0717247 0.0639945
0 0.406561 0.70809 0.0750811 0.0702155
0 0.927237 0.973814 0.0754027 0.0523727
0 0.471947 0.391938 0.077042 0.070375
0 0.408632 0.561213 0.0783335 0.0792947
0 0.152484 0.56844 0.0760803 0.0751743
0 0.976598 0.880667 0.0468045 0.0750489
0 0.976589 0.740176 0.0468214 0.068397
0 0.925579 0.634181 0.0698566 0.0729795
0 0.0363627 0.717229 0.0723113 0.0765002
0 0.976626 0.670319 0.0467473 0.073669
0 0.928218 0.0549434 0.0714439 0.0710124
0 0.597052 0.958564 0.0755546 0.071701
0 0.907828 0.267925 0.0750424 0.0714791
0 0.221023 0.893686 0.0772159 0.0706148
0 0.96861 0.239334 0.0627799 0.0715433
0 0.475696 0.961587 0.0682974 0.0682056
0 0.657879 0.146423 0.0717912 0.0691974
0 0.101073 0.393706 0.0699237 0.0710487
0 0.34466 0.602683 0.0732763 0.0755177
0 0.65661 0.0763926 0.0731313 0.0697374
0 0.536171 0.078732 0.074352 0.0690852
0 0.286727 0.357022 0.0730797 0.0674474
0 0.535371 0.929107 0.075138 0.0760312
0 0.972644 0.168147 0.0547116 0.0781475
0 0.925098 0.843725 0.0693452 0.0713263
0 0.716234 0.0414731 0.0687456 0.0698764
0 0.163154 0.0760003 0.0720237 0.0714247
0 0.535959 0.359353 0.0740371 0.0722508
0 0.156322 0.933831 0.0787452 0.0772516
0 0.0381143 0.145637 0.0698381 0.0704702
0 0.474794 0.112642 0.0719559 0.0703567
0 0.65787 0.359338 0.0743351 0.0690977
0 0.595894 0.740502 0.0787965 0.0745537
0 0.099913 0.11025 0.0757494 0.0724439
0 0.224054 0.109583 0.0734652 0.0677582
0 0.221416 0.67432 0.0731212 0.0704122
0 0.223808 0.178007 0.0752781 0.069814
0 0.0377197 0.0779176 0.0754394 0.0693546
0 0.597179 0.111978 0.0726769 0.0714099
0 0.470359 0.67281 0.0786616 0.0711775
0 0.597356 0.0427513 0.0704412 0.0692231
0 0.661658 0.92393 0.0777981 0.0712674
0 0.531906 0.706596 0.075913 0.0711929
0 0.531039 0.636376 0.0681546 0.0692428
0 0.471464 0.0396804 0.0816259 0.0772994
0 0.218944 0.605769 0.073972 0.0698317
0 0.282743 0.638585 0.0737664 0.0698773
0 0.15715 0.641265 0.075677 0.0698607
0 0.657734 0.704017 0.0746011 0.0701717
0 0.225559 0.0419145 0.0694511 0.0680634
0 0.284089 0.708613 0.0766946 0.0700254
0 0.22051 0.823136 0.0735614 0.0723017
0 0.411327 0.145051 0.0741628 0.0699997
0 0.41399 0.926526 0.0724306 0.0707831
0 0.535102 0.0217538 0.0754044 0.0424153
0 0.161443 0.0218304 0.0766991 0.0417658
0 0.976884 0.093334 0.0462321 0.0707645
0 0.285879 0.933732 0.0766502 0.0777329
0 0.286185 0.0734709 0.0735586 0.070972
0 0.535357 0.853281 0.072962 0.0712993
0 0.95966 0.309525 0.0682315 0.0724525
0 0.348442 0.109229 0.0736105 0.0725111
0 0.101926 0.321227 0.0734895 0.0759715
0 0.348512 0.96222 0.0760976 0.0674863
0 0.0998634 0.0405496 0.0721203 0.0670668
0 0.347828 0.177603 0.0721887 0.0685925
0 0.163582 0.358101 0.0727463 0.0699294
0 0.280849 0.565435 0.07867 0.0764283
0 0.535524 0.146715 0.0715754 0.0691406
0 0.285866 0.142846 0.0741498 0.0712585
0 0.28422 0.858589 0.0779988 0.0716116
0 0.220526 0.743571 0.0761648 0.0707344
0 0.657124 0.772209 0.0722743 0.0688987
0 0.159586 0.858499 0.0714621 0.0714688
0 0.47495 0.179606 0.0722073 0.0674648
0 0.470494 0.741862 0.0741462 0.070365
0 0.926676 0.705981 0.0706217 0.0692832
0 0.597585 0.394308 0.0707181 0.0697387
0 0.471959 0.321225 0.0727044 0.0737643
0 0.659709 0.850824 0.0745807 0.0749924
0 0.345464 0.744085 0.0742384 0.0744025
0 0.594299 0.600194 0.0785968 0.0752766
0 0.596858 0.32137 0.0768619 0.0751427
0 0.15745 0.710028 0.0763719 0.0701675
0 0.409159 0.211298 0.0770181 0.067883
0 0.657298 0.0194537 0.0701702 0.0389074
0 0.898341 0.339581 0.0707293 0.0723715
0 0.349612 0.391631 0.0699176 0.0717602
0 0.0961771 0.821969 0.07723 0.0744233
0 0.721856 0.959897 0.0709071 0.0695815
0 0.534546 0.287639 0.0741558 0.0736129
0 0.976492 0.597426 0.0470155 0.0695062
0 0.658171 0.634011 0.0690999 0.0695325
0 0.159962 0.787573 0.0725493 0.0722361
0 0.0959769 0.897128 0.0744883 0.0699929
0 0.412204 0.856937 0.0733843 0.0740967
0 0.594721 0.669716 0.0742323 0.0680656
0 0.0391789 0.216936 0.0699497 0.072492
0 0.409828 0.0202548 0.0766101 0.0386827
0 0.411243 0.786008 0.0751681 0.0741526
0 0.472751 0.598651 0.0751254 0.0773921
0 0.0955754 0.676094 0.0733583 0.0709933
0 0.595797 0.814991 0.0786834 0.0778682
0 0.925217 0.773321 0.0691596 0.071712
0 0.925168 0.56307 0.0688841 0.0692136
0 0.597813 0.887525 0.0735795 0.0739843
0 0.473282 0.819343 0.0722915 0.0719723
0 0.348514 0.821051 0.0730858 0.0698276
0 0.535428 0.21597 0.075056 0.068107
0 0.220268 0.966412 0.0803421 0.067175
0 0.409933 0.286202 0.0743928 0.0723765
0 0.409467 0.35773 0.0722106 0.0681325
0 0.347485 0.321986 0.072798 0.0707387
0 0.223162 0.254219 0.072437 0.0711226
0 0.346658 0.249166 0.076601 0.0756475
0 0.534047 0.781613 0.0719414 0.0721647
0 0.0374955 0.791833 0.0749911 0.0773294
0 0.982661 0.0279121 0.0346787 0.0548862
0 0.161531 0.284113 0.0675893 0.0688695
0 0.285207 0.0201306 0.0763173 0.0380465
0 0.597223 0.249277 0.0745373 0.06529
0 0.345754 0.0387212 0.0821758 0.0758267
0 0.283321 0.782734 0.0781375 0.0742025
0 0.285169 0.219542 0.07264 0.0706182
0 0.658019 0.287783 0.07216 0.0708331
0 0.223341 0.323186 0.0723199 0.0683444
0 0.410255 0.0729161 0.0786955 0.0744117
0 0.473499 0.249957 0.074412 0.068487
0 0.285234 0.288973 0.0715004 0.0690262
0 0.348539 0.891095 0.0749394 0.074669
0 0.0381788 0.287562 0.0716112 0.0704718
0 0.657857 0.214324 0.0710469 0.0667502
0 0.715788 0.181422 0.0693936 0.069003
0 0.0386262 0.0195116 0.0716125 0.0382062
0 0.474676 0.890361 0.0725349 0.0736936
0 0.0956815 0.609189 0.0758898 0.0697592
0 0.414164 0.981903 0.0763704 0.0361933
0 0.0971057 0.752752 0.0730115 0.0717187
0 0.597769 0.182101 0.0769358 0.0692299
0 0.717889 0.324626 0.0694642 0.0694305
0 0.0377504 0.358395 0.0740685 0.0756972
0 0.71932 0.254664 0.0720012 0.0712776
0 0.976863 0.810048 0.0462747 0.0706892
0 0.09208 0.966213 0.0757231 0.0671191
0 0.868261 0.0268493 0.076365 0.0536986
0 0.286481 0.985126 0.0729254 0.0297482
0 0.715032 0.738609 0.0680096 0.0710078
0 0.662705 0.981543 0.0748128 0.0369135
0 0.722972 0.888186 0.0734637 0.0711374
0 0.0930184 0.532541 0.0702703 0.0740576
0 0.939168 0.0122401 0.070087 0.0244803
0 0.976892 0.529418 0.0462165 0.066701
0 0.716176 0.394424 0.0682665 0.0687178
0 0.0363876 0.984882 0.0572397 0.0302359
0 0.84137 0.300126 0.0736139 0.070647
0 0.931348 0.148641 0.0840311 0.0981544
0 0.657962 0.560743 0.0730882 0.074245
0 0.528085 0.564168 0.074411 0.0734322
0 0.859554 0.0855976 0.0709659 0.0672142
0 0.156272 0.98674 0.0725029 0.0265203
0 0.102399 0.338381 0.0704507 0.0613651
0 0.217081 0.53019 0.07283 0.0721503
0 0.862865 0.598167 0.071882 0.0702705
0 0.861848 0.881229 0.0716941 0.0731721
0 0.977314 0.986193 0.0440884 0.027614
0 0.718065 0.811573 0.0712569 0.0756936
0 0.715459 0.667932 0.0636082 0.0706999
0 0.866398 0.668527 0.074445 0.0722916
0 0.534928 0.982895 0.0770003 0.0342094
0 0.893632 0.415188 0.0726937 0.0746406
0 0.862068 0.808932 0.0727503 0.0740013
0 0.716603 0.11193 0.0673373 0.0716909
0 0.916789 0.19797 0.0723679 0.0687264
0 0.34284 0.527638 0.0737954 0.0727378
0 0.28602 0.129078 0.0709379 0.0710303
0 0.0384723 0.063211 0.0769446 0.0955929
0 0.591617 0.526492 0.0758717 0.0724097
