0 0.557024 0.25893 0.0726079 0.0730025
0 0.976181 0.147121 0.0476387 0.0712986
0 0.3659 0.290036 0.0705773 0.0739504
0 0.241987 0.0802791 0.0679452 0.0687837
0 0.929949 0.0443952 0.0638945 0.0667984
0 0.926343 0.111263 0.0670375 0.0696855
0 0.925262 0.182905 0.0674764 0.068959
0 0.976514 0.925969 0.046972 0.0683026
0 0.243352 0.93152 0.0764576 0.0755757
0 0.178663 0.894139 0.0698568 0.0686049
0 0.244685 0.295754 0.0700361 0.0676941
0 0.976365 0.855063 0.0472704 0.0737783
0 0.865578 0.924104 0.0700305 0.0685267
0 0.740111 0.571388 0.068527 0.0688105
0 0.74025 0.855986 0.0699745 0.071521
0 0.864793 0.854943 0.0690043 0.0717551
0 0.368054 0.511493 0.0670046 0.071327
0 0.373322 0.0239874 0.0722647 0.0479748
0 0.976759 0.287214 0.0464821 0.0748393
0 0.244997 0.578592 0.0693411 0.0678334
0 0.491866 0.364878 0.0689941 0.068259
0 0.677745 0.608864 0.0695899 0.0684144
0 0.307833 0.611974 0.0729051 0.0689998
0 0.8028 0.608763 0.0682108 0.0710702
0 0.925098 0.816345 0.068692 0.0708899
0 0.740667 0.925738 0.0687257 0.0670501
0 0.976444 0.641558 0.0471122 0.0727928
0 0.243766 0.0213649 0.0668598 0.0427298
0 0.120209 0.926776 0.0715577 0.0673599
0 0.741332 0.641514 0.0712433 0.0692436
0 0.49228 0.789379 0.0674171 0.0721419
0 0.865345 0.29504 0.0676686 0.0708741
0 0.925765 0.605967 0.0703995 0.0708504
0 0.430326 0.544436 0.0686755 0.0691248
0 0.555356 0.609954 0.0693374 0.0669494
0 0.802097 0.958599 0.0712473 0.0681804
0 0.36871 0.579247 0.0689745 0.0677335
0 0.616518 0.576669 0.068759 0.0698063
0 0.977175 0.570522 0.0456491 0.0671506
0 0.0607485 0.332065 0.0751574 0.0718386
0 0.679216 0.891286 0.0706339 0.0693488
0 0.363437 0.435957 0.0682631 0.0683875
0 0.740755 0.362388 0.0690103 0.0691167
0 0.183257 0.114605 0.0723218 0.0699123
0 0.804887 0.328802 0.0708187 0.068827
0 0.497502 0.0246416 0.071919 0.0492832
0 0.676692 0.678475 0.0668389 0.0713346
0 0.431371 0.612401 0.0712082 0.0690906
0 0.367256 0.860057 0.0713222 0.0701983
0 0.86578 0.36437 0.0684075 0.068768
0 0.307605 0.544775 0.0697566 0.0676779
0 0.556106 0.113895 0.0731878 0.0689584
0 0.741774 0.979243 0.0714787 0.0411566
0 0.615788 0.643499 0.0685627 0.0673839
0 0.493289 0.0808597 0.0688256 0.0680365
0 0.305424 0.824304 0.0668626 0.0686135
0 0.926576 0.890685 0.0696447 0.0716043
0 0.36627 0.78795 0.0705522 0.0703499
0 0.621753 0.0786385 0.0744441 0.0702313
0 0.493917 0.860431 0.069467 0.0691344
0 0.925648 0.676015 0.0698746 0.0694411
0 0.18107 0.827371 0.0728588 0.0691431
0 0.304095 0.399975 0.0672534 0.0700172
0 0.116881 0.862544 0.0696948 0.0679168
0 0.926415 0.252597 0.0696886 0.0708368
0 0.117967 0.581682 0.071187 0.0686052
0 0.181882 0.329866 0.073023 0.0702273
0 0.24439 0.363885 0.0705571 0.0692636
0 0.434465 0.113733 0.073413 0.0686526
0 0.801697 0.533985 0.0686634 0.068
0 0.304405 0.328602 0.0677342 0.0696015
0 0.304857 0.115158 0.0701617 0.0682926
0 0.803444 0.183532 0.0700712 0.0736496
0 0.0169422 0.583655 0.0338844 0.0714271
0 0.864245 0.780421 0.0669048 0.068666
0 0.430376 0.329403 0.0760503 0.0733263
0 0.616696 0.713204 0.0680819 0.0741529
0 0.976368 0.781922 0.047263 0.07327
0 0.245215 0.509346 0.0685374 0.0696152
0 0.802679 0.818774 0.0695636 0.0717328
0 0.184094 0.612988 0.0760951 0.0701332
0 0.678175 0.820896 0.0691335 0.0680796
0 0.555711 0.541528 0.0681028 0.0703583
0 0.976685 0.363662 0.0466298 0.0734311
0 0.805208 0.258703 0.0710785 0.0726354
0 0.492134 0.294623 0.0689427 0.0704837
0 0.0546533 0.828952 0.0720644 0.0697604
0 0.490435 0.7149 0.068105 0.0704718
0 0.927416 0.960097 0.0667657 0.0715992
0 0.55421 0.962882 0.0700204 0.0703688
0 0.73934 0.71386 0.0688677 0.068754
0 0.926544 0.535126 0.0697708 0.0694805
0 0.307474 0.89446 0.0740931 0.0707638
0 0.183091 0.474332 0.0723642 0.0733194
0 0.8664 0.0777461 0.0716293 0.0711619
0 0.123497 0.025453 0.0696976 0.0509059
0 0.247108 0.225066 0.0742208 0.0736346
0 0.429415 0.682442 0.0682483 0.0693157
0 0.978041 0.502867 0.0439185 0.0740821
0 0.805061 0.0431863 0.0699356 0.0692876
0 0.432701 0.825809 0.0727159 0.0701848
0 0.741981 0.0789816 0.0699955 0.0703095
0 0.55443 0.895158 0.0692379 0.068377
0 0.180889 0.401096 0.0710843 0.071426
0 0.0608334 0.0484968 0.0763059 0.0676011
0 0.86318 0.641938 0.0694165 0.0706215
0 0.123864 0.081723 0.0718448 0.0684979
0 0.801631 0.46737 0.0698614 0.0694926
0 0.68326 0.113564 0.0710707 0.0696121
0 0.802429 0.396363 0.0714567 0.0686719
0 0.494338 0.577797 0.0725659 0.0690556
0 0.976576 0.712734 0.0468478 0.0683815
0 0.678355 0.539412 0.069203 0.0685978
0 0.743087 0.221302 0.0671351 0.072089
0 0.119449 0.511397 0.0718058 0.0717723
0 0.86435 0.147646 0.0692637 0.067426
0 0.435169 0.045554 0.0711024 0.0681917
0 0.244459 0.860754 0.0737555 0.0707674
0 0.926715 0.33072 0.0711138 0.0731059
0 0.183044 0.259501 0.0715439 0.0726126
0 0.862889 0.569399 0.0695053 0.0679767
0 0.0609571 0.260884 0.0730535 0.0675107
0 0.432439 0.893673 0.0736909 0.0690839
0 0.864381 0.713098 0.0667067 0.0669546
0 0.743447 0.29322 0.0670743 0.0674275
0 0.677584 0.75152 0.0693383 0.0695486
0 0.433662 0.959533 0.0757715 0.0683267
0 0.803704 0.67698 0.0684851 0.0674351
0 0.68456 0.0443303 0.070201 0.0695921
0 0.86442 0.500479 0.0691566 0.0685992
0 0.560262 0.0449985 0.0758035 0.0700977
0 0.0569563 0.547148 0.0731764 0.0713426
0 0.615006 0.928281 0.0703685 0.0667412
0 0.245042 0.437243 0.0715156 0.0714731
0 0.740342 0.501969 0.0677879 0.0675044
0 0.01678 0.0835455 0.03356 0.0671647
0 0.119341 0.720653 0.0700771 0.0721167
0 0.0577705 0.403473 0.0702656 0.0695847
0 0.554331 0.676636 0.0710216 0.0688744
0 0.427846 0.469598 0.0700154 0.0691736
0 0.802521 0.112497 0.0705519 0.0697538
0 0.493575 0.927381 0.0677017 0.0659797
0 0.615264 0.432718 0.0693004 0.0743459
0 0.183342 0.545452 0.0718893 0.0681491
0 0.866346 0.221139 0.0669441 0.0715649
0 0.616513 0.504355 0.0684913 0.0679249
0 0.872272 0.020139 0.0734117 0.040278
0 0.677847 0.958474 0.0715067 0.0674403
0 0.0600203 0.11499 0.0766797 0.0689311
0 0.495917 0.643476 0.0749259 0.0679002
0 0.118302 0.436501 0.0707867 0.0719826
0 0.0583545 0.899758 0.070054 0.0704066
0 0.182312 0.0458965 0.0700367 0.0687043
0 0.117269 0.794616 0.0705315 0.0708563
0 0.617686 0.85859 0.071021 0.0725596
0 0.622539 0.222957 0.0717641 0.0753127
0 0.625623 0.0212896 0.0721059 0.0425791
0 0.246292 0.646362 0.0720351 0.0696907
0 0.309641 0.686221 0.0726653 0.0736905
0 0.0584639 0.758453 0.0686376 0.0693083
0 0.554594 0.824772 0.0713255 0.0729769
0 0.924971 0.745564 0.0685035 0.0694323
0 0.976 0.978594 0.0479999 0.0410535
0 0.62058 0.147431 0.0736554 0.0688182
0 0.494454 0.506142 0.0731558 0.070749
0 0.0161994 0.0251139 0.0323988 0.0502279
0 0.74004 0.7798 0.0680754 0.0700378
0 0.434301 0.186559 0.0719187 0.0696543
0 0.554134 0.750384 0.071193 0.0717658
0 0.307897 0.473332 0.0697128 0.0718406
0 0.310127 0.964359 0.0760204 0.0692469
0 0.802121 0.74735 0.0702775 0.0707275
0 0.551774 0.399304 0.067752 0.0671642
0 0.372342 0.146803 0.075887 0.0706014
0 0.494992 0.15306 0.0690762 0.070089
0 0.432171 0.751328 0.0701424 0.0722297
0 0.73974 0.432195 0.0674611 0.0705017
0 0.182756 0.186631 0.0701208 0.0680327
0 0.369253 0.646596 0.0699714 0.0684946
0 0.371995 0.931024 0.074411 0.0731626
0 0.118009 0.646908 0.0711932 0.0669376
0 0.684055 0.25971 0.0706271 0.0704491
0 0.0616564 0.187938 0.0824353 0.0786694
0 0.557687 0.183938 0.0727518 0.0735676
0 0.0577279 0.47362 0.0678659 0.068157
0 0.0593357 0.682824 0.0689406 0.0737393
0 0.311771 0.188355 0.0738099 0.074877
0 0.741052 0.147181 0.0684119 0.0672321
0 0.802875 0.889086 0.0696152 0.0683392
0 0.86929 0.978705 0.0743105 0.0421126
0 0.927067 0.398841 0.0683153 0.0650122
0 0.494904 0.222244 0.0674051 0.0694972
0 0.555724 0.469807 0.0671179 0.0689565
0 0.928206 0.464858 0.0687804 0.0695877
0 0.120055 0.296225 0.0713606 0.07219
0 0.0608731 0.966127 0.0732844 0.0663667
0 0.118519 0.980856 0.0631679 0.038287
0 0.67932 0.469588 0.0696807 0.0708481
0 0.0585212 0.616491 0.0711057 0.0668993
0 0.0155576 0.865837 0.0311153 0.0699821
0 0.118538 0.366452 0.0692037 0.0668312
0 0.493884 0.435969 0.0721299 0.0718672
0 0.684307 0.186587 0.071489 0.0707902
0 0.24625 0.151675 0.0726938 0.0734533
0 0.368913 0.715392 0.0706408 0.0690436
0 0.869758 0.428916 0.0737177 0.0663145
0 0.0158937 0.794804 0.0317874 0.0709324
0 0.249187 0.721205 0.0699942 0.0714347
0 0.12193 0.223317 0.0665537 0.0676426
0 0.184954 0.757086 0.074987 0.0714012
0 0.309779 0.260456 0.0663444 0.0675298
0 0.748314 0.0213372 0.0709462 0.0426743
0 0.617016 0.78633 0.0673347 0.0680864
0 0.616739 0.980844 0.0734589 0.0381479
0 0.622088 0.296446 0.0750794 0.0716226
0 0.495253 0.980657 0.0722945 0.0385947
0 0.371087 0.22014 0.0682027 0.0671726
0 0.123587 0.148684 0.0728035 0.0685673
0 0.0168478 0.224833 0.0336955 0.072028
0 0.428901 0.400023 0.0732185 0.0724653
0 0.373537 0.0795757 0.0755281 0.0682749
0 0.0165265 0.151975 0.0330531 0.0702344
0 0.0160404 0.511166 0.0320808 0.0714283
0 0.435513 0.257865 0.0722318 0.0695146
0 0.306725 0.755585 0.065422 0.0651139
0 0.0170652 0.936318 0.0341303 0.0659637
0 0.249553 0.789727 0.0704966 0.0679038
0 0.0172518 0.721839 0.0345035 0.0726404
0 0.18644 0.685464 0.0759801 0.0719936
0 0.977503 0.0210832 0.0430818 0.0407948
0 0.685088 0.328267 0.0718611 0.0687369
0 0.978602 0.43336 0.0427961 0.0676573
0 0.0167211 0.439406 0.0334422 0.0709401
0 0.682806 0.394743 0.072541 0.0680466
0 0.0175515 0.65489 0.035103 0.0652448
0 0.0167152 0.370755 0.0334304 0.0718949
0 0.244124 0.983479 0.0725254 0.0330416
0 0.374652 0.98318 0.0742366 0.0336404
0 0.0166994 0.295387 0.0333988 0.0736703
0 0.0155687 0.985939 0.0311374 0.0281219
0 0.805948 0.619357 0.0662276 0.0600674
0 0.496169 0.0326084 0.0758137 0.0539254
0 0.0618829 0.0158812 0.0712545 0.0317624
