0 0.229479 0.836842 0.0708136 0.0753174
0 0.0340946 0.366846 0.0681892 0.0744115
0 0.72808 0.554465 0.0711417 0.0727093
0 0.592202 0.187665 0.0734363 0.0764182
0 0.0417119 0.589348 0.0718208 0.0767426
0 0.917221 0.958267 0.0715637 0.0717709
0 0.231886 0.621107 0.070992 0.0791706
0 0.418556 0.588572 0.0688232 0.0708612
0 0.168638 0.873492 0.0701683 0.0770447
0 0.356069 0.622695 0.0716908 0.0783272
0 0.23106 0.695792 0.0711656 0.0768132
0 0.651723 0.366771 0.070998 0.0726633
0 0.667713 0.65149 0.0685332 0.0649455
0 0.165555 0.94396 0.0726941 0.0671266
0 0.971819 0.922333 0.0563623 0.0749512
0 0.971188 0.34408 0.057624 0.0717576
0 0.280212 0.295039 0.0734248 0.0709367
0 0.294576 0.585103 0.0679491 0.0685252
0 0.294025 0.656092 0.0675547 0.0736048
0 0.167409 0.799889 0.0719204 0.0709552
0 0.0365231 0.0849283 0.0680306 0.0696321
0 0.229979 0.767332 0.071635 0.0710804
0 0.356758 0.55324 0.0703238 0.0679228
0 0.468078 0.33242 0.0741128 0.0677716
0 0.972415 0.711701 0.0551696 0.0705224
0 0.479827 0.767014 0.0718434 0.0718682
0 0.292641 0.729727 0.0710017 0.0705602
0 0.541813 0.800624 0.0698562 0.0707285
0 0.52744 0.298781 0.0692141 0.0700177
0 0.105358 0.833984 0.0711378 0.0699809
0 0.292288 0.800384 0.0703866 0.0715322
0 0.540843 0.94579 0.0746377 0.0721941
0 0.0429898 0.802759 0.0700722 0.0681019
0 0.542184 0.66116 0.0730661 0.0714017
0 0.042861 0.943659 0.0698846 0.0671103
0 0.155629 0.298161 0.0727166 0.0685635
0 0.605657 0.693487 0.0715466 0.0808001
0 0.727852 0.769998 0.0718796 0.0701293
0 0.416093 0.799042 0.0730107 0.0718415
0 0.105748 0.90952 0.0710376 0.0794892
0 0.541268 0.733174 0.0715466 0.0710967
0 0.606378 0.619451 0.0695329 0.0666331
0 0.790626 0.877651 0.0700035 0.0760335
0 0.402905 0.36516 0.075541 0.0696368
0 0.716781 0.262292 0.069517 0.069204
0 0.0941277 0.0527045 0.0697558 0.0712345
0 0.603282 0.972445 0.0721591 0.055109
0 0.588754 0.334817 0.0700394 0.0667145
0 0.168874 0.58627 0.0689095 0.0694902
0 0.106086 0.621974 0.0705663 0.0752637
0 0.530423 0.0811971 0.0743192 0.0700689
0 0.102817 0.971609 0.0739877 0.0567815
0 0.280772 0.082542 0.0711182 0.0683423
0 0.480306 0.623836 0.0712296 0.0788436
0 0.970678 0.643811 0.0586432 0.0745362
0 0.970184 0.272828 0.0596324 0.0709051
0 0.165784 0.731243 0.073399 0.0729089
0 0.406618 0.298258 0.0767145 0.068676
0 0.918713 0.816061 0.0715301 0.0765066
0 0.41559 0.730574 0.0736092 0.0714865
0 0.531551 0.0235333 0.0717238 0.0470665
0 0.353782 0.836789 0.0714286 0.07161
0 0.158365 0.084251 0.0777921 0.0711181
0 0.729504 0.836309 0.0713879 0.0686839
0 0.042797 0.871765 0.0706948 0.0737374
0 0.47885 0.697474 0.0730715 0.0719535
0 0.714566 0.115128 0.0704914 0.0707597
0 0.652696 0.0778034 0.0740745 0.0704468
0 0.41724 0.874276 0.0720788 0.0793304
0 0.664819 0.733423 0.0736868 0.0770662
0 0.0941883 0.331843 0.0748438 0.0695173
0 0.591069 0.0442102 0.0727479 0.0703606
0 0.289842 0.948575 0.0712479 0.0745327
0 0.666111 0.803393 0.0714812 0.0686045
0 0.280253 0.02596 0.0695669 0.05192
0 0.0366299 0.0271349 0.0714088 0.0542698
0 0.415976 0.662103 0.0737952 0.0711424
0 0.603753 0.910407 0.0718825 0.0696409
0 0.667194 0.587004 0.0683517 0.0690329
0 0.168558 0.659229 0.0701541 0.076299
0 0.66548 0.944049 0.073231 0.0690469
0 0.480033 0.835122 0.0702342 0.0694153
0 0.65543 0.228443 0.073311 0.072499
0 0.21467 0.330773 0.073119 0.0708057
0 0.603492 0.836006 0.0710742 0.0692086
0 0.592499 0.113405 0.0741211 0.0702335
0 0.918849 0.742598 0.0707282 0.0707153
0 0.352325 0.912997 0.0751777 0.0772884
0 0.0969531 0.190784 0.0791724 0.0721216
0 0.157966 0.0252196 0.0786499 0.0504393
0 0.0356531 0.297861 0.0707397 0.0713803
0 0.655246 0.1532 0.0748835 0.0757235
0 0.222116 0.0494143 0.0764041 0.0707761
0 0.414271 0.945142 0.0743222 0.0676882
0 0.541787 0.87032 0.0710764 0.072785
0 0.344192 0.119527 0.0739095 0.0689394
0 0.47987 0.551575 0.0704712 0.0702646
0 0.542893 0.586287 0.0709586 0.0710908
0 0.970298 0.0632359 0.0594031 0.0765656
0 0.354609 0.695858 0.0711763 0.0722687
0 0.291834 0.871794 0.069748 0.0706222
0 0.154802 0.364247 0.0740889 0.0689176
0 0.602771 0.766771 0.0726032 0.0726491
0 0.605301 0.551705 0.0708058 0.0711315
0 0.528289 0.366662 0.0720417 0.0667887
0 0.471837 0.193632 0.0722961 0.0745669
0 0.0963781 0.262221 0.0731815 0.073632
0 0.47797 0.911624 0.0729819 0.072139
0 0.971511 0.851214 0.0569775 0.0712512
0 0.470474 0.115499 0.0726047 0.0700473
0 0.35132 0.974477 0.0725738 0.0510466
0 0.65361 0.0215406 0.0732627 0.0427682
0 0.913695 0.382004 0.0754268 0.0767305
0 0.22577 0.971481 0.07479 0.0570387
0 0.352796 0.765773 0.071613 0.0736402
0 0.666665 0.873548 0.071686 0.0723195
0 0.342661 0.3325 0.0724106 0.0688529
0 0.0346347 0.152216 0.0692695 0.0747074
0 0.726172 0.699148 0.0731648 0.0783148
0 0.729454 0.911854 0.0709407 0.0753011
0 0.40865 0.227525 0.0748402 0.0753625
0 0.343992 0.263466 0.0753949 0.0739199
0 0.218749 0.260506 0.0694719 0.0685502
0 0.222526 0.119534 0.0750975 0.0710913
0 0.159667 0.226603 0.0737326 0.0704948
0 0.973743 0.782341 0.0525138 0.0731895
0 0.530142 0.229 0.0650299 0.0697765
0 0.532868 0.153865 0.0706062 0.0730723
0 0.715217 0.331317 0.0712473 0.0697085
0 0.716915 0.189461 0.0710042 0.0733472
0 0.345608 0.192028 0.0724916 0.0705623
0 0.284071 0.15313 0.0733147 0.0714305
0 0.789537 0.805476 0.0686176 0.067946
0 0.407079 0.153558 0.0781083 0.0732121
0 0.0354189 0.226403 0.0708377 0.0721246
0 0.280699 0.225443 0.0690238 0.0667368
0 0.476209 0.971994 0.0737236 0.0559962
0 0.221835 0.192709 0.0712695 0.0681254
0 0.970125 0.128384 0.0597494 0.0689661
0 0.103586 0.76648 0.0715787 0.071383
0 0.786567 0.953506 0.0688202 0.0746334
0 0.160389 0.158906 0.0731111 0.0709383
0 0.105461 0.695203 0.0705177 0.0758448
0 0.655478 0.296586 0.0760115 0.0703353
0 0.917515 0.885367 0.0722032 0.0738972
0 0.786917 0.735569 0.0720921 0.0731003
0 0.726129 0.97197 0.0756707 0.0560597
0 0.91093 0.0313028 0.0811033 0.0626055
0 0.465074 0.398148 0.0768349 0.0701308
0 0.71644 0.04374 0.0715426 0.0696298
0 0.590336 0.398325 0.0761466 0.0697287
0 0.105887 0.553631 0.0709757 0.0701263
0 0.970178 0.567447 0.0596436 0.0795684
0 0.469011 0.0454554 0.0748405 0.0730187
0 0.970854 0.19921 0.0582917 0.0733584
0 0.470938 0.264032 0.0705084 0.0687023
0 0.91503 0.307461 0.0710932 0.0730252
0 0.91714 0.677155 0.0716422 0.0676513
0 0.713662 0.401538 0.0756929 0.0722238
0 0.415913 0.987652 0.0702804 0.0246954
0 0.910171 0.607867 0.0818117 0.0782015
0 0.213845 0.399499 0.0699183 0.0689998
0 0.0427615 0.522114 0.070498 0.0679283
0 0.293899 0.522489 0.0661429 0.0621307
0 0.787022 0.658936 0.0730116 0.0757941
0 0.0907195 0.40014 0.0755515 0.0684108
0 0.220723 0.0118549 0.069644 0.0237099
0 0.0434437 0.987952 0.0668587 0.0240959
0 0.40828 0.0826123 0.0759885 0.0708302
0 0.969545 0.0131418 0.0574129 0.0262835
0 0.54239 0.52097 0.0696478 0.0667
0 0.230981 0.550021 0.0721993 0.070967
0 0.667163 0.988301 0.0694497 0.023399
0 0.166588 0.988203 0.0684178 0.0235946
0 0.777633 0.373103 0.0735319 0.0710034
0 0.541998 0.987651 0.0718 0.0246983
0 0.666916 0.521105 0.0679026 0.0690209
0 0.912712 0.0977156 0.0784029 0.0757279
0 0.0947679 0.0157409 0.0689902 0.0313501
0 0.229477 0.724992 0.0736003 0.0676634
0 0.339582 0.401158 0.0743468 0.0743107
0 0.418958 0.522718 0.0643278 0.0638778
0 0.0331552 0.975487 0.0573144 0.0490268
0 0.539972 0.977878 0.0702608 0.043998
0 0.78799 0.588754 0.0698293 0.067313
0 0.416086 0.776476 0.0730903 0.0765579
0 0.774817 0.224274 0.0659786 0.0723576
0 0.0398381 0.936715 0.0764745 0.090014
