0 0.0257409 0.0836212 0.0514817 0.0737823
0 0.214771 0.493165 0.0738434 0.0772723
0 0.53668 0.398257 0.071378 0.0740265
0 0.393241 0.0844451 0.0694524 0.066771
0 0.394886 0.154809 0.0710678 0.0747448
0 0.396046 0.0275327 0.0736611 0.0550654
0 0.471042 0.0781862 0.0818901 0.0757914
0 0.598861 0.574164 0.0727193 0.072763
0 0.474297 0.788332 0.0746309 0.0737157
0 0.141952 0.0860502 0.0660065 0.066479
0 0.600821 0.790404 0.0729687 0.0764736
0 0.395577 0.30417 0.0724103 0.070485
0 0.142233 0.0261114 0.0646322 0.0522228
0 0.85001 0.49892 0.0727835 0.0738255
0 0.476329 0.431322 0.0726082 0.073447
0 0.783335 0.609619 0.0710981 0.070966
0 0.657703 0.110333 0.0756489 0.0700333
0 0.334287 0.341003 0.0689677 0.0741458
0 0.218036 0.931358 0.0768046 0.0744689
0 0.331971 0.197619 0.0691292 0.0731037
0 0.332024 0.269545 0.0686224 0.0699344
0 0.473557 0.929005 0.078122 0.0694866
0 0.845788 0.646811 0.0746921 0.0685763
0 0.473579 0.501491 0.0737255 0.0704607
0 0.538575 0.826033 0.0707011 0.0706038
0 0.53906 0.682313 0.071303 0.0692227
0 0.0352165 0.611027 0.0704329 0.0672297
0 0.33114 0.0524301 0.0676886 0.0659067
0 0.213645 0.643529 0.0691988 0.0707231
0 0.0814653 0.0509254 0.0705536 0.0687779
0 0.790987 0.893584 0.0712451 0.0699904
0 0.211456 0.421576 0.0702398 0.0678842
0 0.662297 0.611334 0.0776049 0.0717909
0 0.40535 0.676082 0.0785336 0.0707874
0 0.602001 0.717165 0.0727738 0.0707037
0 0.915332 0.89429 0.0702622 0.0701658
0 0.728586 0.861843 0.071543 0.0709198
0 0.542736 0.967541 0.0692976 0.0640163
0 0.211419 0.348692 0.0696768 0.0777067
0 0.151327 0.454751 0.0727858 0.071247
0 0.268305 0.0270565 0.0742859 0.0541129
0 0.208481 0.200044 0.0698594 0.0700647
0 0.474258 0.361587 0.0724994 0.0702993
0 0.0814594 0.119378 0.0712312 0.0748798
0 0.273412 0.38577 0.068823 0.0723915
0 0.275971 0.526254 0.069548 0.0695297
0 0.0862415 0.419157 0.0715873 0.0719228
0 0.394861 0.232504 0.0724185 0.0730935
0 0.963091 0.359911 0.0647796 0.0661963
0 0.789687 0.826144 0.0725762 0.0715643
0 0.785484 0.396707 0.0717583 0.0714999
0 0.724273 0.645089 0.0721858 0.069417
0 0.969996 0.92874 0.0600073 0.0710652
0 0.270951 0.306578 0.069604 0.0751666
0 0.336305 0.562144 0.0727028 0.0770137
0 0.787924 0.538334 0.07251 0.0739105
0 0.966241 0.646626 0.0672479 0.0722644
0 0.275202 0.455209 0.0711748 0.0696054
0 0.21911 0.859851 0.0768089 0.0684667
0 0.471144 0.147352 0.0786002 0.0719701
0 0.407213 0.890193 0.0775324 0.0737221
0 0.271094 0.233443 0.0699289 0.0712409
0 0.474941 0.646342 0.07472 0.0710294
0 0.537051 0.611963 0.0692482 0.0696483
0 0.345695 0.858106 0.0716298 0.0681633
0 0.71631 0.0745375 0.0703686 0.0709292
0 0.0289138 0.0254701 0.0538141 0.0509402
0 0.284072 0.893231 0.0732546 0.0700853
0 0.0841021 0.277569 0.0693544 0.0668219
0 0.724208 0.574918 0.0736165 0.0733027
0 0.536334 0.328752 0.0733856 0.0674231
0 0.593513 0.0771927 0.0766225 0.0693652
0 0.0921365 0.861034 0.0768036 0.0717795
0 0.0289863 0.244531 0.0579727 0.0735545
0 0.331347 0.11785 0.0672119 0.0678411
0 0.154526 0.607278 0.0735549 0.0708518
0 0.405586 0.959364 0.0794448 0.0704379
0 0.835243 0.141868 0.0672865 0.0694667
0 0.531503 0.0442558 0.0697217 0.0681373
0 0.53545 0.544774 0.0718857 0.0685339
0 0.854003 0.926636 0.0720966 0.0697773
0 0.727013 0.789617 0.0736368 0.0756834
0 0.909094 0.393927 0.0704014 0.0688647
0 0.0362413 0.677555 0.0724826 0.0732098
0 0.916353 0.961866 0.0690539 0.0681634
0 0.20858 0.270246 0.0707623 0.0696849
0 0.467765 0.0213248 0.0754398 0.0426496
0 0.531506 0.112841 0.075066 0.069307
0 0.156697 0.894695 0.0736073 0.0700629
0 0.0934645 0.643683 0.0732742 0.067996
0 0.659368 0.397568 0.0736293 0.0685215
0 0.344723 0.925339 0.0750623 0.0695748
0 0.3391 0.640123 0.0744749 0.0722134
0 0.279462 0.676216 0.0773105 0.0727816
0 0.776333 0.107364 0.0686713 0.0696504
0 0.965728 0.428332 0.0675099 0.0730499
0 0.0344189 0.9002 0.0667827 0.0794152
0 0.472062 0.21786 0.0814102 0.0787362
0 0.156747 0.963472 0.0716515 0.0663197
0 0.791606 0.960152 0.0703769 0.0689434
0 0.270116 0.16011 0.0694371 0.0712144
0 0.0325258 0.456693 0.0650516 0.0713533
0 0.658378 0.0402115 0.0708172 0.0682705
0 0.0900682 0.493063 0.0742414 0.074605
0 0.333091 0.489499 0.0644017 0.0668882
0 0.218833 0.790934 0.0750287 0.0725008
0 0.406612 0.606169 0.0787539 0.0751958
0 0.155448 0.67746 0.0742213 0.0694453
0 0.536387 0.258967 0.0730784 0.0729291
0 0.0919381 0.788679 0.0701254 0.0730356
0 0.786941 0.678809 0.0721309 0.0680413
0 0.90946 0.678477 0.0742939 0.0692925
0 0.532825 0.181546 0.0770972 0.0712776
0 0.835116 0.0711428 0.0663128 0.0692231
0 0.664221 0.754392 0.0750282 0.0740809
0 0.0316271 0.382341 0.0632541 0.0732805
0 0.729484 0.927924 0.071676 0.0681916
0 0.20576 0.125295 0.0698484 0.0756221
0 0.909671 0.462047 0.074996 0.0713186
0 0.910792 0.821545 0.0764933 0.075555
0 0.0336959 0.82486 0.0673918 0.0727377
0 0.0345811 0.54096 0.0691621 0.0781343
0 0.0921114 0.574736 0.0740201 0.0737643
0 0.662184 0.467391 0.0757163 0.0745358
0 0.0881344 0.344959 0.0691815 0.0705247
0 0.852073 0.859802 0.0719776 0.0722047
0 0.849752 0.713579 0.0723919 0.0696461
0 0.154531 0.825773 0.0746242 0.070071
0 0.967533 0.715956 0.0649338 0.0688708
0 0.77728 0.0355204 0.0680215 0.0676048
0 0.148705 0.308758 0.0689905 0.071449
0 0.283538 0.824766 0.0753936 0.0707231
0 0.788463 0.753623 0.0735443 0.072301
0 0.847302 0.427386 0.0744359 0.0689066
0 0.0966566 0.940431 0.0758321 0.072385
0 0.342269 0.70961 0.0744562 0.0689313
0 0.407411 0.819901 0.0753543 0.0717824
0 0.406877 0.745821 0.0816956 0.072322
0 0.153168 0.535154 0.071131 0.0750793
0 0.476214 0.718418 0.0752044 0.0699257
0 0.15437 0.751372 0.0726977 0.0728867
0 0.726315 0.712279 0.0717127 0.0674361
0 0.666505 0.89553 0.0718715 0.0696149
0 0.781509 0.325376 0.0743488 0.0710135
0 0.282919 0.751707 0.0741103 0.0734994
0 0.218168 0.716062 0.0744326 0.0724926
0 0.91142 0.540795 0.075088 0.0723975
0 0.476891 0.983966 0.0765719 0.0320678
0 0.966814 0.575492 0.0631425 0.0677366
0 0.849922 0.788576 0.0722435 0.0718129
0 0.777812 0.175955 0.0724318 0.0702716
0 0.66527 0.962273 0.0719433 0.0663939
0 0.345718 0.784665 0.0730826 0.0736692
0 0.842797 0.283014 0.0757706 0.0729713
0 0.897978 0.101199 0.0726831 0.0746526
0 0.540295 0.755183 0.0719112 0.0731829
0 0.279412 0.965764 0.0729352 0.0679152
0 0.846553 0.359065 0.0791268 0.0710268
0 0.662353 0.538589 0.0757883 0.0735064
0 0.908979 0.610036 0.0727644 0.0704355
0 0.598079 0.428901 0.0745713 0.0698724
0 0.853455 0.981535 0.0742378 0.0369294
0 0.664992 0.827277 0.0732629 0.0745806
0 0.594974 0.0207175 0.0731224 0.0414351
0 0.596754 0.361579 0.0763865 0.0710287
0 0.906032 0.324417 0.0727589 0.0716636
0 0.093752 0.716462 0.0704569 0.0693887
0 0.96803 0.504304 0.0621686 0.0705786
0 0.0323687 0.310008 0.0647373 0.0707636
0 0.723221 0.429269 0.0707046 0.0700741
0 0.910983 0.751204 0.071856 0.0700583
0 0.663467 0.678627 0.0757148 0.0692518
0 0.144166 0.160315 0.0694528 0.0787713
0 0.963801 0.207065 0.0637785 0.0678982
0 0.473667 0.293238 0.0734504 0.0738107
0 0.036476 0.750513 0.0678983 0.0717083
0 0.277409 0.601014 0.0743355 0.0771425
0 0.970114 0.860016 0.0597723 0.0667046
0 0.27282 0.0806101 0.0750834 0.071212
0 0.594429 0.146008 0.074428 0.0708039
0 0.719374 0.0174389 0.068855 0.0348778
0 0.151851 0.383284 0.0711663 0.0732086
0 0.962153 0.0699791 0.0668404 0.0679983
0 0.0359272 0.969055 0.0718544 0.0618899
0 0.402331 0.526535 0.0754746 0.0778455
0 0.728225 0.982703 0.0739775 0.0345941
0 0.473559 0.576012 0.0748675 0.0746955
0 0.604229 0.93085 0.0695844 0.0678017
0 0.722847 0.360697 0.0704963 0.0701071
0 0.718622 0.142141 0.0709201 0.0692593
0 0.781661 0.249932 0.0718396 0.0727085
0 0.961537 0.140833 0.0697958 0.0698296
0 0.34299 0.981106 0.0753142 0.0377884
0 0.599791 0.504144 0.0733551 0.0699067
0 0.968781 0.786382 0.0624371 0.0744698
0 0.723127 0.502463 0.0729139 0.0698972
0 0.150161 0.236696 0.0738962 0.0690526
0 0.603403 0.984197 0.0707417 0.0316052
0 0.962489 0.0184565 0.0642779 0.0369131
0 0.0995191 0.987138 0.0704848 0.0257238
0 0.400253 0.3806 0.0786195 0.0731894
0 0.0832689 0.0105486 0.0669531 0.0210972
0 0.96927 0.984508 0.0597889 0.030984
0 0.904354 0.250382 0.0770471 0.0776302
0 0.33281 0.0109901 0.0647563 0.0219803
0 0.335267 0.418274 0.0651162 0.0731533
0 0.915285 0.833083 0.0689769 0.0647551
0 0.835784 0.21255 0.0669442 0.0674403
0 0.472494 0.307273 0.0752019 0.0686177
0 0.536685 0.557977 0.0692091 0.0613866
0 0.219208 0.984109 0.0764678 0.0317825
0 0.719557 0.288965 0.0727299 0.075532
0 0.839107 0.0172308 0.076081 0.0344616
0 0.908332 0.334179 0.0659479 0.0643038
