0 0.390354 0.843724 0.0681349 0.0782028
0 0.264881 0.778162 0.0691666 0.0708535
0 0.452352 0.810025 0.0694982 0.0692024
0 0.452307 0.880278 0.0679427 0.0693756
0 0.515677 0.846817 0.0691162 0.0727845
0 0.257868 0.27944 0.0730476 0.0753776
0 0.793387 0.196663 0.0703769 0.0687858
0 0.391103 0.920154 0.0658885 0.0685817
0 0.327294 0.743984 0.0664746 0.0688059
0 0.0704525 0.385305 0.07212 0.0716809
0 0.0205985 0.488759 0.0411971 0.070453
0 0.321877 0.530993 0.0723196 0.0745494
0 0.264248 0.710996 0.0685415 0.0682355
0 0.203206 0.956238 0.0669435 0.0716066
0 0.918753 0.262201 0.0703493 0.0706876
0 0.515618 0.774758 0.0670087 0.0710745
0 0.452085 0.954129 0.0658091 0.0708208
0 0.859564 0.298729 0.0658984 0.0688995
0 0.327711 0.812204 0.0676173 0.0685534
0 0.73363 0.234426 0.0670836 0.0690507
0 0.0749833 0.745693 0.0712409 0.0731151
0 0.141197 0.922509 0.0686569 0.0704063
0 0.856301 0.230943 0.0687935 0.0702661
0 0.26492 0.849025 0.0682791 0.0755012
0 0.201252 0.816611 0.0686961 0.0738513
0 0.330778 0.954515 0.0694984 0.0691843
0 0.797009 0.266988 0.0671643 0.0711761
0 0.139152 0.781883 0.0681979 0.0765538
0 0.0750822 0.817206 0.0709686 0.0750402
0 0.393052 0.975611 0.0686297 0.0487777
0 0.200833 0.747409 0.0701443 0.0687194
0 0.388685 0.776665 0.0684845 0.0669677
0 0.202304 0.88568 0.0693678 0.0724392
0 0.25719 0.567117 0.0719116 0.0704223
0 0.325213 0.673907 0.0689558 0.0711176
0 0.922586 0.330925 0.0670259 0.0706767
0 0.268409 0.978108 0.0762465 0.0437847
0 0.441121 0.240581 0.0701501 0.0672924
0 0.328807 0.884929 0.0691184 0.0734255
0 0.38302 0.209479 0.0701776 0.0693954
0 0.0768987 0.956725 0.072249 0.0719051
0 0.513313 0.704872 0.0709554 0.0719407
0 0.450115 0.737761 0.0720809 0.0725555
0 0.143274 0.977439 0.0741541 0.0451227
0 0.199973 0.675196 0.070949 0.0719441
0 0.265097 0.91742 0.068125 0.0720973
0 0.137774 0.709621 0.0696708 0.0684552
0 0.660581 0.012776 0.0662968 0.0255519
0 0.579766 0.951596 0.0674636 0.0664601
0 0.736586 0.304784 0.0677924 0.0701374
0 0.0733295 0.676472 0.0708017 0.0709317
0 0.730497 0.165919 0.0703485 0.0744563
0 0.50278 0.278074 0.0749987 0.0700349
0 0.13795 0.852937 0.0708605 0.0707104
0 0.258852 0.638644 0.0715972 0.0731833
0 0.0705116 0.529913 0.0739036 0.0764092
0 0.193971 0.386922 0.0728869 0.0744593
0 0.975734 0.367308 0.0485313 0.0734686
0 0.193183 0.317454 0.0706416 0.0683836
0 0.0758603 0.888616 0.0713428 0.0721388
0 0.862932 0.367034 0.0678488 0.0689487
0 0.759114 0.945186 0.0726112 0.0679672
0 0.320543 0.24217 0.0708593 0.0683466
0 0.916445 0.190846 0.0732105 0.0711895
0 0.973866 0.292607 0.0522677 0.0716788
0 0.979119 0.581594 0.0417616 0.0664947
0 0.197606 0.458446 0.0723805 0.0706209
0 0.0203977 0.420407 0.0407955 0.0681998
0 0.0699477 0.174918 0.0742486 0.0696771
0 0.933748 0.548301 0.0710167 0.0692759
0 0.970205 0.147186 0.0595908 0.0713982
0 0.320816 0.316783 0.0716841 0.0731441
0 0.757046 0.80149 0.0732614 0.0695367
0 0.971124 0.220504 0.0577511 0.0721922
0 0.320805 0.175524 0.0716077 0.0703088
0 0.447891 0.668847 0.0727625 0.0703113
0 0.945235 0.833177 0.069694 0.0744951
0 0.813978 0.550074 0.0709662 0.069133
0 0.257942 0.20842 0.0724387 0.0700022
0 0.56536 0.100185 0.0751572 0.0723715
0 0.134651 0.641516 0.0737979 0.0725913
0 0.964617 0.0238696 0.0670619 0.0477392
0 0.260358 0.491232 0.0704337 0.0701904
0 0.790451 0.125399 0.0718611 0.0720592
0 0.965747 0.0789373 0.0648805 0.0663721
0 0.510383 0.635415 0.0728737 0.0693967
0 0.908494 0.0467972 0.0713646 0.0688839
0 0.194474 0.173678 0.0718445 0.0707042
0 0.579543 0.88522 0.0687356 0.0665361
0 0.912269 0.113951 0.0723035 0.0697642
0 0.196584 0.605443 0.0718244 0.0743248
0 0.0217137 0.211729 0.0434273 0.0710649
0 0.38561 0.492818 0.0722473 0.0720367
0 0.871667 0.513933 0.0721657 0.0703315
0 0.133903 0.209341 0.0720618 0.0705115
0 0.19717 0.244683 0.0708922 0.0705897
0 0.853145 0.159073 0.0721748 0.0725277
0 0.022857 0.568197 0.0457141 0.0771933
0 0.0712188 0.607253 0.0717656 0.0735515
0 0.932193 0.476281 0.0680528 0.070231
0 0.941369 0.760611 0.0687914 0.0721481
0 0.133404 0.569984 0.0755375 0.0745029
0 0.0233382 0.782026 0.0466765 0.0716875
0 0.802045 0.3375 0.0659652 0.0682252
0 0.133224 0.422171 0.0764142 0.0715987
0 0.447016 0.601788 0.0735205 0.0691364
0 0.0232872 0.712587 0.0465744 0.069443
0 0.8749 0.58254 0.0743988 0.0692179
0 0.509731 0.568355 0.0723538 0.0683644
0 0.0231161 0.645727 0.0462321 0.0695224
0 0.755434 0.732584 0.0747784 0.0731171
0 0.442136 0.102133 0.0719541 0.0725836
0 0.0681484 0.10431 0.0732803 0.0748065
0 0.195955 0.532991 0.072603 0.0712991
0 0.255738 0.069247 0.0739855 0.0722103
0 0.0237864 0.921354 0.0475727 0.0729508
0 0.387193 0.708303 0.0689495 0.0697405
0 0.257141 0.138863 0.0740166 0.07313
0 0.320173 0.457189 0.0729728 0.0710243
0 0.750713 0.516392 0.0771999 0.0716941
0 0.193988 0.104964 0.0734189 0.0741816
0 0.928183 0.404449 0.067361 0.0701238
0 0.982221 0.937915 0.0355588 0.0673895
0 0.134181 0.279664 0.072948 0.0676005
0 0.819297 0.969706 0.0737054 0.0605888
0 0.847781 0.0275999 0.074358 0.0551997
0 0.759453 0.872197 0.0725313 0.0721422
0 0.318896 0.10156 0.0759872 0.0768802
0 0.809856 0.479812 0.0713878 0.0724679
0 0.508519 0.499536 0.07337 0.0794731
0 0.663089 0.0615386 0.0762956 0.078538
0 0.722121 0.0292539 0.0761847 0.0585077
0 0.0661544 0.0345125 0.08041 0.0690251
0 0.935555 0.615884 0.0702212 0.0700953
0 0.817942 0.69552 0.0724218 0.0714221
0 0.749111 0.44092 0.0743957 0.0732428
0 0.0691619 0.243667 0.074397 0.0699438
0 0.448475 0.534707 0.0700275 0.0741925
0 0.821151 0.835344 0.0713478 0.0694838
0 0.0221058 0.350838 0.0442115 0.0682616
0 0.381599 0.140087 0.0724245 0.0743931
0 0.850107 0.0843328 0.0713598 0.0672696
0 0.315344 0.0323026 0.0806847 0.0646051
0 0.727578 0.089936 0.0719302 0.0704008
0 0.258946 0.421007 0.0722557 0.0745057
0 0.755061 0.662137 0.0728035 0.0708098
0 0.938981 0.689091 0.0749633 0.0760204
0 0.944897 0.906584 0.0685335 0.0725608
0 0.672904 0.271314 0.0706089 0.0708681
0 0.82294 0.907811 0.070153 0.0697335
0 0.884863 0.870307 0.0720069 0.0695802
0 0.190229 0.0336027 0.0764457 0.0672054
0 0.7535 0.58668 0.0749831 0.070581
0 0.438679 0.0320267 0.0719754 0.0640534
0 0.562074 0.0324031 0.0667437 0.0648062
0 0.131427 0.351188 0.0745324 0.0723098
0 0.131388 0.140219 0.0734208 0.0731326
0 0.13401 0.491392 0.072084 0.0720216
0 0.380477 0.0644821 0.0722408 0.0739996
0 0.940794 0.970045 0.0695695 0.0598806
0 0.504605 0.135352 0.0695816 0.0693711
0 0.813857 0.618962 0.0728824 0.0711881
0 0.880574 0.727221 0.0726299 0.0704932
0 0.322999 0.384279 0.0713103 0.0734217
0 0.983974 0.792699 0.0313987 0.0694004
0 0.0212251 0.139305 0.0424501 0.0738519
0 0.503916 0.0657681 0.0739247 0.0719043
0 0.978257 0.438758 0.0434852 0.0709193
0 0.870752 0.440077 0.0700238 0.0707803
0 0.570444 0.459215 0.0733082 0.0729917
0 0.78682 0.0521336 0.0744998 0.0692665
0 0.875664 0.653982 0.0782244 0.0736336
0 0.819189 0.765478 0.0733262 0.0731835
0 0.384524 0.567465 0.0725116 0.0688262
0 0.0687527 0.318016 0.0729143 0.0707577
0 0.808132 0.406099 0.0685838 0.0686291
0 0.88365 0.941896 0.0717742 0.0718948
0 0.385117 0.635116 0.0713321 0.0682976
0 0.980318 0.651746 0.0393646 0.0694338
0 0.13029 0.0178569 0.0744975 0.0336634
0 0.13063 0.0686057 0.0743743 0.0727062
0 0.023594 0.976815 0.047188 0.0450578
0 0.979225 0.508831 0.0415499 0.0722709
0 0.884391 0.802032 0.0717831 0.0732815
0 0.743553 0.372134 0.0703967 0.0658813
0 0.0216303 0.0665203 0.0432606 0.0720772
0 0.695071 0.972073 0.0745554 0.0558531
0 0.252371 0.0143482 0.065969 0.0286963
0 0.0212071 0.283679 0.0424142 0.0739657
0 0.506975 0.352532 0.0715475 0.0681968
0 0.572629 0.534115 0.072763 0.0726607
0 0.0229883 0.849132 0.0459766 0.0714426
0 0.443682 0.17209 0.0728763 0.0683318
0 0.695957 0.843541 0.070695 0.0693743
0 0.696672 0.912558 0.0717204 0.0689802
0 0.378298 0.0135291 0.0650281 0.0270582
0 0.693801 0.770152 0.0707815 0.0707397
0 0.662661 0.13218 0.0786011 0.0765639
0 0.982588 0.722687 0.0348246 0.0688117
0 0.507365 0.41766 0.0713035 0.0724865
0 0.983612 0.86892 0.032485 0.0681303
0 0.572278 0.669518 0.0690103 0.0685973
0 0.460804 0.794803 0.080847 0.0869906
0 0.760699 0.988364 0.0677893 0.0232725
0 0.441575 0.313433 0.0734873 0.0802642
0 0.25179 0.017139 0.0748411 0.0316507
0 0.56511 0.31331 0.0716171 0.075543
0 0.786637 0.0115621 0.0680439 0.0231243
0 0.518265 0.977777 0.0734041 0.0444452
0 0.502064 0.0173186 0.0774852 0.0324531
0 0.447578 0.46235 0.0697572 0.0725166
0 0.689532 0.551529 0.0730643 0.071344
0 0.691791 0.627609 0.0746492 0.07507
0 0.670011 0.202784 0.0705848 0.0713274
0 0.882596 0.986976 0.0702238 0.0260475
0 0.684971 0.475601 0.0761997 0.0788213
0 0.020594 0.0173462 0.0411881 0.0346923
0 0.981232 0.985838 0.0375366 0.028324
0 0.576959 0.812332 0.0673428 0.0742862
0 0.680631 0.341588 0.066874 0.0615827
0 0.569361 0.388767 0.0717852 0.0693779
0 0.905463 0.0295872 0.0695724 0.0547658
0 0.907623 0.015262 0.0657985 0.0294011
0 0.0758205 0.9033 0.0730875 0.0642816
0 0.692872 0.700623 0.0704772 0.0707221
0 0.194283 0.14045 0.0725521 0.0788399
0 0.573145 0.601401 0.070966 0.070612
0 0.731371 0.216529 0.0692306 0.0708258
0 0.684098 0.405077 0.073411 0.0688936
0 0.399296 0.964805 0.0807164 0.0703903
0 0.19806 0.625976 0.0714613 0.0601158
0 0.574342 0.739503 0.0657969 0.0712221
