0 0.456573 0.904423 0.0660799 0.0699141
0 0.578669 0.76203 0.0673313 0.0744045
0 0.333931 0.691355 0.068615 0.0718899
0 0.518353 0.862603 0.0690094 0.0695922
0 0.637881 0.581352 0.0678453 0.0705142
0 0.454195 0.0483837 0.0655531 0.0672116
0 0.890627 0.937857 0.0663513 0.0706884
0 0.45494 0.400301 0.0669202 0.0711899
0 0.399153 0.868346 0.0717918 0.0763915
0 0.455043 0.0101475 0.0613779 0.0202949
0 0.57814 0.613894 0.0650682 0.0700964
0 0.273682 0.371073 0.0672905 0.0716779
0 0.578867 0.474149 0.0667623 0.0700081
0 0.765523 0.723573 0.0666482 0.0698783
0 0.949525 0.541254 0.069926 0.0716488
0 0.517543 0.724044 0.0674396 0.0706245
0 0.578947 0.545339 0.0656981 0.0698018
0 0.76095 0.151529 0.0684769 0.0744839
0 0.580006 0.831916 0.0684476 0.0694885
0 0.947479 0.39498 0.0744061 0.0714265
0 0.514623 0.0822304 0.0677953 0.0718145
0 0.456586 0.76253 0.0672095 0.0698447
0 0.575355 0.399707 0.0687571 0.0699451
0 0.764077 0.649356 0.0692739 0.0756946
0 0.944976 0.324952 0.0723574 0.0727521
0 0.576107 0.118798 0.0694274 0.0717712
0 0.639908 0.722143 0.0685315 0.0782087
0 0.704103 0.831116 0.067292 0.0709517
0 0.514852 0.225587 0.0663648 0.0681635
0 0.513556 0.0239637 0.0673733 0.0479275
0 0.704149 0.969207 0.0688698 0.0605307
0 0.0896949 0.127297 0.0744716 0.0761465
0 0.393735 0.583024 0.0668756 0.0676557
0 0.824629 0.757019 0.0687854 0.0719661
0 0.700097 0.189201 0.0710249 0.0810958
0 0.454878 0.26277 0.0646223 0.0687826
0 0.57503 0.330615 0.0687127 0.0710664
0 0.704701 0.757605 0.0681262 0.0704162
0 0.825075 0.686739 0.0680704 0.0713024
0 0.766821 0.940231 0.0702828 0.0744501
0 0.51574 0.36777 0.0647011 0.0686032
0 0.703385 0.899725 0.0658848 0.0707493
0 0.577705 0.685596 0.0651047 0.0694234
0 0.639511 0.509787 0.0676278 0.0708176
0 0.82537 0.612371 0.0688238 0.0708611
0 0.455247 0.191225 0.0658202 0.0741126
0 0.763656 0.865574 0.0663159 0.0709119
0 0.393501 0.0855384 0.0669708 0.0668625
0 0.700132 0.61198 0.0705695 0.0708525
0 0.331686 0.0514582 0.0695807 0.0701132
0 0.642326 0.864973 0.0673895 0.0689416
0 0.336474 0.907614 0.0686775 0.0712199
0 0.763196 0.507043 0.0701456 0.0731496
0 0.824897 0.542018 0.0711255 0.0729698
0 0.0316453 0.158033 0.0619003 0.0670968
0 0.701331 0.473706 0.0702819 0.0690821
0 0.951394 0.968129 0.0711982 0.0625548
0 0.640095 0.437474 0.0674837 0.0716512
0 0.274652 0.800647 0.0676463 0.0699095
0 0.638281 0.151295 0.0668223 0.0658066
0 0.700797 0.681306 0.0704458 0.0758739
0 0.515876 0.437277 0.067367 0.0696661
0 0.699839 0.117104 0.070411 0.0698905
0 0.819564 0.325536 0.0717387 0.0725994
0 0.57534 0.259256 0.0712233 0.0737283
0 0.638121 0.295663 0.0711513 0.0747128
0 0.944778 0.2554 0.0718627 0.0687455
0 0.701663 0.401653 0.0692406 0.0727839
0 0.272709 0.0881505 0.0680553 0.0721911
0 0.394538 0.367332 0.0676382 0.0674959
0 0.57608 0.189133 0.0688338 0.0735003
0 0.882646 0.720932 0.069942 0.0702114
0 0.517004 0.937848 0.067255 0.0730512
0 0.0331714 0.0936884 0.0663428 0.0754744
0 0.698228 0.261512 0.0667973 0.0680618
0 0.700293 0.544315 0.0709342 0.0710219
0 0.887057 0.507511 0.0721397 0.0735048
0 0.944201 0.7546 0.0737731 0.0754263
0 0.829222 0.971086 0.0695033 0.056942
0 0.392816 0.44296 0.0671369 0.0675663
0 0.699283 0.33077 0.0671024 0.071105
0 0.64221 0.795164 0.0691504 0.0716125
0 0.334484 0.835001 0.0690482 0.0685184
0 0.454019 0.546209 0.0667524 0.0694342
0 0.2733 0.233039 0.0685581 0.0679988
0 0.985515 0.220224 0.0289708 0.0702628
0 0.759889 0.0805133 0.0685947 0.0707504
0 0.211994 0.130055 0.0719228 0.0765338
0 0.638 0.222054 0.0693469 0.0781406
0 0.276626 0.94758 0.0689323 0.0685275
0 0.334709 0.266585 0.0673999 0.0695633
0 0.82995 0.903791 0.0689679 0.0779784
0 0.758672 0.363439 0.0653937 0.0706991
0 0.454534 0.3311 0.0657715 0.06978
0 0.641669 0.942661 0.0727661 0.0794686
0 0.154039 0.516667 0.0725809 0.0695783
0 0.333666 0.194835 0.0676188 0.0686641
0 0.276346 0.730176 0.0636695 0.0673468
0 0.213238 0.200598 0.0664283 0.0661913
0 0.157072 0.95059 0.0727888 0.0711316
0 0.517081 0.580812 0.0705279 0.0705323
0 0.334158 0.616526 0.0691924 0.0686717
0 0.943886 0.0420438 0.0738688 0.0726569
0 0.333776 0.335788 0.0679666 0.0668762
0 0.883616 0.647448 0.0694449 0.0703323
0 0.276569 0.585184 0.0661129 0.0677221
0 0.210602 0.267628 0.0717553 0.0696477
0 0.0873626 0.336532 0.0746474 0.0708475
0 0.94542 0.112285 0.0739357 0.072642
0 0.758331 0.0230651 0.070951 0.0456683
0 0.218699 0.55035 0.0747257 0.0693257
0 0.274594 0.301371 0.0714839 0.0687185
0 0.51518 0.154156 0.0661477 0.0673416
0 0.151005 0.0919519 0.0691878 0.0716347
0 0.819426 0.112688 0.0716817 0.0719594
0 0.394984 0.230735 0.0707295 0.0729143
0 0.0951868 0.768404 0.0762696 0.0700505
0 0.514415 0.295983 0.0680523 0.0725019
0 0.394422 0.152154 0.0690982 0.0706906
0 0.880117 0.0220284 0.0783963 0.0437656
0 0.0326291 0.521048 0.0652583 0.0715103
0 0.948657 0.469206 0.0718713 0.0780893
0 0.213484 0.0497565 0.0746591 0.0714972
0 0.152886 0.444794 0.0719487 0.0727704
0 0.037034 0.804713 0.074068 0.0760736
0 0.148975 0.302457 0.0689854 0.0679495
0 0.274698 0.163948 0.0669542 0.0681894
0 0.946556 0.182221 0.073884 0.0731692
0 0.276628 0.874883 0.0688468 0.0718174
0 0.396841 0.798351 0.0700076 0.0689733
0 0.0353121 0.45259 0.0706243 0.0720619
0 0.882658 0.362064 0.0764174 0.0699137
0 0.757093 0.297442 0.0660217 0.0635777
0 0.156502 0.803388 0.074718 0.0689433
0 0.217173 0.834329 0.0733653 0.0687535
0 0.516747 0.508947 0.0700409 0.0758146
0 0.881315 0.0788401 0.0740674 0.0724169
0 0.155993 0.585568 0.0751301 0.0704138
0 0.88383 0.290275 0.0737792 0.0746192
0 0.210175 0.336185 0.0684693 0.0694392
0 0.151235 0.0289133 0.0726087 0.0578266
0 0.0979247 0.914687 0.0715786 0.0734999
0 0.213748 0.482844 0.0722066 0.0700138
0 0.091655 0.483702 0.0750524 0.0704669
0 0.0907662 0.410679 0.0683373 0.0723803
0 0.219716 0.765379 0.071434 0.0709273
0 0.0398736 0.953703 0.0687413 0.0727887
0 0.986902 0.433027 0.0261954 0.0627081
0 0.038299 0.879931 0.0717955 0.0728047
0 0.883381 0.148949 0.0716108 0.068567
0 0.39558 0.299333 0.0694388 0.0685756
0 0.0953765 0.838156 0.0740472 0.0700023
0 0.571915 0.0451797 0.0684063 0.0689404
0 0.21765 0.912313 0.0702377 0.0725281
0 0.277 0.657171 0.0660833 0.0714827
0 0.092243 0.553823 0.0790323 0.0715469
0 0.334436 0.125362 0.0679504 0.0696227
0 0.763006 0.578286 0.0705771 0.0699524
0 0.158342 0.733648 0.0772147 0.0703311
0 0.884569 0.219372 0.0709836 0.0689229
0 0.0349613 0.591919 0.0699226 0.0771198
0 0.0956396 0.697358 0.0733557 0.073297
0 0.818159 0.0425286 0.0728576 0.0708669
0 0.219936 0.624824 0.0733324 0.0736923
0 0.759369 0.433398 0.0616517 0.0661305
0 0.157499 0.875302 0.0704824 0.071892
0 0.821148 0.187952 0.0720708 0.0685495
0 0.516554 0.652905 0.0709536 0.0770642
0 0.390697 0.51285 0.0676817 0.0701552
0 0.219986 0.696786 0.0691809 0.0685604
0 0.0333849 0.37563 0.0664508 0.0728164
0 0.157746 0.660674 0.0732598 0.0733485
0 0.035938 0.733786 0.0700994 0.072314
0 0.985699 0.0767462 0.0282836 0.0729756
0 0.0940301 0.625671 0.0756546 0.0720158
0 0.885181 0.432761 0.0723913 0.0755183
0 0.149839 0.369623 0.0694406 0.0666207
0 0.69424 0.0425164 0.0814043 0.0794462
0 0.214492 0.407783 0.0704373 0.0735579
0 0.152633 0.162882 0.0696763 0.0690098
0 0.332769 0.405606 0.0702822 0.0737736
0 0.096724 0.975172 0.0697935 0.0496563
0 0.218871 0.973849 0.0734974 0.0523025
0 0.890585 0.986919 0.0655775 0.026162
0 0.028748 0.310702 0.057496 0.0684062
0 0.820343 0.255642 0.0727201 0.0689915
0 0.271603 0.0253204 0.0658119 0.0506408
0 0.035451 0.663915 0.0694399 0.0669723
0 0.336982 0.973792 0.071594 0.0524158
0 0.767026 0.987253 0.0691023 0.0254933
0 0.88327 0.794992 0.0672985 0.0716574
0 0.516984 0.795363 0.0662624 0.0668353
0 0.150776 0.233376 0.0736122 0.0693865
0 0.98807 0.511606 0.0238596 0.0771623
0 0.0913072 0.0527727 0.0726681 0.0700099
0 0.394406 0.6515 0.0665855 0.0685253
0 0.886209 0.865439 0.0653944 0.0673251
0 0.823623 0.471594 0.0710897 0.0703989
0 0.743929 0.494932 0.102202 0.0871229
0 0.720745 0.751405 0.0950907 0.0843488
0 0.986508 0.15022 0.0269835 0.0668023
0 0.887093 0.57511 0.0703874 0.0644562
0 0.649376 0.935488 0.0797372 0.0871155
0 0.765375 0.789523 0.0645275 0.0662191
0 0.814 0.674935 0.0900304 0.0839896
0 0.461538 0.320439 0.0738684 0.0872833
0 0.699708 0.050135 0.0692635 0.06897
0 0.647877 0.875105 0.074661 0.0813335
0 0.50915 0.304794 0.0741025 0.0799571
0 0.973903 0.976793 0.0502698 0.0464146
0 0.986526 0.943777 0.0269481 0.0628393
0 0.807946 0.624924 0.0880208 0.0885084
0 0.274684 0.517642 0.0632509 0.0651766
0 0.987039 0.577268 0.0259211 0.0739074
0 0.680734 0.701681 0.0947675 0.104362
0 0.568263 0.339866 0.0689077 0.0794985
0 0.46744 0.187813 0.0843606 0.0773371
0 0.635487 0.283879 0.0747862 0.0835675
0 0.820546 0.53204 0.0794486 0.0843018
0 0.951373 0.906356 0.0676311 0.0646634
0 0.559641 0.413584 0.0976791 0.0893091
0 0.75265 0.449091 0.0799103 0.0857315
0 0.399496 0.239658 0.0711358 0.0743062
0 0.75174 0.375526 0.0659127 0.0799701
0 0.540524 0.451037 0.106711 0.0729872
0 0.0901068 0.265839 0.0730793 0.0711845
0 0.511745 0.985687 0.0708866 0.0286251
