0 0.6685 0.398793 0.0662868 0.067374
0 0.111485 0.595691 0.062992 0.0698017
0 0.605296 0.428138 0.0707529 0.0719817
0 0.231355 0.645114 0.0691762 0.0715812
0 0.110001 0.803771 0.0653942 0.0687947
0 0.801517 0.34096 0.0656621 0.0733474
0 0.0358513 0.397859 0.0717026 0.0769521
0 0.976128 0.395548 0.0477437 0.0727952
0 0.29223 0.608185 0.0694327 0.0717103
0 0.297863 0.289082 0.0702924 0.0693722
0 0.0509137 0.913088 0.070493 0.0704433
0 0.736163 0.368721 0.0710618 0.0630654
0 0.572405 0.174373 0.0742469 0.0712818
0 0.639304 0.146265 0.0680773 0.0714147
0 0.168665 0.820451 0.068192 0.0685059
0 0.112445 0.950385 0.0681729 0.0712937
0 0.359652 0.331673 0.069878 0.071187
0 0.108964 0.737468 0.0635016 0.0676007
0 0.393956 0.0493818 0.0724797 0.0708305
0 0.112075 0.877293 0.0652805 0.0697658
0 0.610384 0.35931 0.0716056 0.0744957
0 0.647253 0.0742014 0.0686259 0.0710869
0 0.73146 0.430962 0.071316 0.0676632
0 0.862114 0.382971 0.0707742 0.0728124
0 0.894086 0.0931497 0.0700126 0.0716435
0 0.293206 0.956898 0.0716496 0.0731455
0 0.169517 0.892457 0.0646425 0.0716407
0 0.666165 0.676854 0.0680432 0.0688974
0 0.111328 0.22619 0.0708712 0.0721278
0 0.578964 0.104997 0.0751987 0.0726579
0 0.54984 0.313071 0.0700049 0.0752844
0 0.956303 0.136578 0.0711206 0.0702038
0 0.605032 0.709642 0.0716763 0.0700302
0 0.950432 0.207403 0.0726401 0.0724604
0 0.541304 0.393193 0.0713284 0.0745339
0 0.167931 0.750206 0.0681264 0.0691049
0 0.418011 0.608566 0.0705513 0.0708311
0 0.229174 0.711358 0.0699151 0.06533
0 0.387635 0.116246 0.0724384 0.0718759
0 0.418702 0.677004 0.069183 0.0703318
0 0.237425 0.244428 0.0665461 0.0675705
0 0.927255 0.353651 0.0699887 0.0729205
0 0.705657 0.113233 0.0731642 0.0730957
0 0.293053 0.747438 0.0707991 0.0725956
0 0.479009 0.643074 0.0695713 0.070031
0 0.169943 0.609557 0.0673769 0.0714196
0 0.288831 0.358701 0.0736709 0.0748349
0 0.602663 0.64079 0.0719252 0.073683
0 0.366611 0.26194 0.072771 0.0705362
0 0.0749411 0.0470402 0.0699382 0.0708766
0 0.0494061 0.182214 0.0706903 0.0713985
0 0.349342 0.402221 0.0737836 0.07197
0 0.352566 0.854673 0.0718448 0.0730451
0 0.479837 0.925201 0.072794 0.0713205
0 0.889801 0.166408 0.0691183 0.0700206
0 0.137677 0.0289851 0.07353 0.0579702
0 0.778302 0.0253674 0.0741496 0.0507348
0 0.678855 0.329606 0.0740644 0.0730631
0 0.0481197 0.701606 0.0710775 0.0664933
0 0.292166 0.888426 0.0704265 0.0698401
0 0.425402 0.301573 0.0714313 0.0701613
0 0.711476 0.0448307 0.0668757 0.0674121
0 0.621634 0.286377 0.0741467 0.0758437
0 0.663105 0.530361 0.0715517 0.0678549
0 0.354326 0.572715 0.073243 0.0738382
0 0.727514 0.923342 0.0723691 0.0710634
0 0.230819 0.574868 0.0711184 0.0706978
0 0.516862 0.0627241 0.0685115 0.0697667
0 0.882248 0.237041 0.0727206 0.0720738
0 0.541503 0.535913 0.0721728 0.0746114
0 0.602699 0.497418 0.06835 0.0653632
0 0.979478 0.31957 0.0410433 0.0757842
0 0.662534 0.603619 0.0728052 0.0765052
0 0.266357 0.0350072 0.070078 0.0700144
0 0.354561 0.643021 0.0731559 0.0727032
0 0.167615 0.680724 0.0693894 0.0727105
0 0.33118 0.0195797 0.0741626 0.0378885
0 0.789361 0.95621 0.0699942 0.0708277
0 0.104447 0.297279 0.074639 0.0745973
0 0.464537 0.0286304 0.068099 0.0572609
0 0.25092 0.173004 0.0753907 0.0694583
0 0.540672 0.675398 0.0728227 0.0707792
0 0.173997 0.269785 0.073401 0.0725109
0 0.764995 0.160433 0.0686448 0.0761728
0 0.543207 0.960248 0.069816 0.0692163
0 0.327728 0.0730588 0.0719055 0.0761873
0 0.699324 0.185517 0.0722859 0.0750239
0 0.455208 0.0879509 0.068741 0.0691154
0 0.477985 0.573859 0.0720595 0.0736544
0 0.0467306 0.255298 0.0694701 0.0767654
0 0.229737 0.922801 0.0720926 0.0730233
0 0.415025 0.958239 0.0740897 0.0686543
0 0.513593 0.131984 0.0696586 0.074434
0 0.486064 0.342324 0.0708646 0.0789452
0 0.72528 0.494621 0.0692525 0.0656128
0 0.787539 0.529819 0.0728099 0.0708308
0 0.0683284 0.114375 0.0752873 0.0706091
0 0.495152 0.27103 0.0719486 0.0690451
0 0.821779 0.197216 0.0719347 0.0679716
0 0.912153 0.956338 0.0760961 0.0696653
0 0.967932 0.49403 0.0629526 0.0728385
0 0.30488 0.220084 0.0709118 0.0705783
0 0.540847 0.891907 0.0709538 0.0713929
0 0.229484 0.853481 0.0718171 0.0692652
0 0.664587 0.956757 0.0712283 0.0714653
0 0.201308 0.0638304 0.0717936 0.075504
0 0.787668 0.674241 0.0721068 0.0709581
0 0.235591 0.313043 0.067604 0.0729707
0 0.58751 0.0342998 0.0718306 0.0685995
0 0.479444 0.710407 0.0696837 0.0692434
0 0.540026 0.820082 0.0733857 0.0708745
0 0.097969 0.365551 0.0764612 0.0664848
0 0.41822 0.74575 0.0698999 0.0693221
0 0.0518911 0.557268 0.068265 0.0658419
0 0.192684 0.134605 0.0731477 0.0718152
0 0.787001 0.741799 0.0738056 0.0689051
0 0.969161 0.776275 0.0616783 0.0706928
0 0.317976 0.14576 0.0768844 0.0728693
0 0.0483557 0.769536 0.0705044 0.070267
0 0.664526 0.888224 0.0724254 0.0717602
0 0.787739 0.604254 0.07394 0.0747136
0 0.136171 0.0879925 0.0707059 0.0703136
0 0.726318 0.708808 0.0712292 0.0683123
0 0.912425 0.739358 0.0724406 0.0701499
0 0.960211 0.0651106 0.0679641 0.0731506
0 0.727178 0.977997 0.0749664 0.0440053
0 0.181633 0.201768 0.0713845 0.0672039
0 0.539981 0.606443 0.0732282 0.0733104
0 0.355022 0.978355 0.0699401 0.0432906
0 0.601803 0.568106 0.0721838 0.0708611
0 0.479218 0.853383 0.0721716 0.074545
0 0.419464 0.37065 0.0701654 0.0749482
0 0.666879 0.745529 0.0683987 0.0695972
0 0.0509502 0.629123 0.0716359 0.0735264
0 0.25749 0.104706 0.0727105 0.0722334
0 0.759507 0.227127 0.0716946 0.070708
0 0.355828 0.713247 0.0709612 0.0727614
0 0.541812 0.747315 0.0718712 0.0744681
0 0.725983 0.640876 0.0767331 0.0702984
0 0.868038 0.307954 0.0721079 0.0729685
0 0.601808 0.853357 0.073301 0.0690892
0 0.448687 0.162184 0.0706618 0.0757668
0 0.85036 0.92075 0.0720156 0.0684004
0 0.78849 0.886702 0.0715134 0.0714587
0 0.290845 0.818553 0.0735511 0.069999
0 0.564554 0.240809 0.0773468 0.0679576
0 0.602589 0.923285 0.0712199 0.0726315
0 0.905783 0.0300529 0.0719638 0.0601059
0 0.229092 0.785022 0.0723811 0.0697381
0 0.787864 0.817225 0.0725911 0.0700712
0 0.725692 0.853111 0.073787 0.0730383
0 0.0501544 0.8421 0.0704037 0.070549
0 0.47896 0.979743 0.0749562 0.0405149
0 0.689538 0.258297 0.0737309 0.0723005
0 0.168885 0.3414 0.0732826 0.0709465
0 0.908398 0.531482 0.0796292 0.079964
0 0.48024 0.783977 0.0703762 0.0734901
0 0.633714 0.213283 0.0704386 0.0698572
0 0.416344 0.817992 0.0727315 0.0755646
0 0.203842 0.0132266 0.0711449 0.0264532
0 0.967992 0.850767 0.064016 0.074883
0 0.504106 0.202601 0.073858 0.0728149
0 0.850789 0.64047 0.0754466 0.0706371
0 0.602614 0.785807 0.0736008 0.0698926
0 0.0256007 0.0213922 0.0478831 0.0427844
0 0.7256 0.779402 0.0724528 0.0735683
0 0.414635 0.889477 0.0747569 0.0698436
0 0.663818 0.818966 0.0727031 0.0709468
0 0.827838 0.132303 0.0679221 0.0682417
0 0.353321 0.784754 0.0718955 0.0680315
0 0.912264 0.67123 0.0716114 0.0716817
0 0.911408 0.887362 0.0733467 0.0743883
0 0.156553 0.409533 0.0721259 0.0703789
0 0.967933 0.921363 0.0633633 0.0671582
0 0.911123 0.602825 0.0721381 0.0703578
0 0.815148 0.26761 0.073449 0.0719469
0 0.748536 0.296212 0.0765301 0.0718637
0 0.724989 0.568715 0.0737464 0.0723555
0 0.922671 0.424429 0.0687556 0.0739609
0 0.911085 0.815382 0.074707 0.0731266
0 0.654544 0.0171544 0.0743216 0.0343087
0 0.22138 0.37842 0.0719261 0.0633177
0 0.940521 0.2812 0.0773541 0.0783643
0 0.849212 0.56729 0.0726981 0.072232
0 0.0123867 0.673041 0.0247734 0.072541
0 0.602073 0.979219 0.07091 0.0415614
0 0.0216829 0.0775183 0.0433658 0.0744243
0 0.848527 0.850666 0.0722456 0.0707988
0 0.0386492 0.328517 0.0707428 0.073932
0 0.849006 0.782645 0.0710108 0.0696954
0 0.291998 0.538677 0.0727375 0.0749035
0 0.228056 0.978177 0.07502 0.0436451
0 0.381823 0.193097 0.0755785 0.0753097
0 0.966313 0.56606 0.0673749 0.0737936
0 0.968114 0.632277 0.0637727 0.0681343
0 0.121734 0.155955 0.0737176 0.0687557
0 0.985149 0.246622 0.0297022 0.0643523
0 0.772205 0.083633 0.0707679 0.0696892
0 0.968357 0.704509 0.0632863 0.068426
0 0.0110682 0.802191 0.0221364 0.0673808
0 0.523935 0.0126016 0.0659289 0.0252032
0 0.438578 0.232302 0.0736804 0.0727848
0 0.475968 0.498032 0.0745173 0.0744997
0 0.850225 0.71632 0.0708461 0.066494
0 0.9675 0.978018 0.0622423 0.0423768
0 0.0137883 0.881185 0.0275767 0.0697007
0 0.0145953 0.589873 0.0291905 0.0633843
0 0.475779 0.414655 0.0726248 0.0662159
0 0.797337 0.412642 0.0677834 0.0706962
0 0.416483 0.538508 0.0721663 0.0710744
0 0.0182989 0.150296 0.0365978 0.0670285
0 0.0140338 0.519382 0.0280677 0.0698369
0 0.179438 0.279837 0.0792322 0.087488
0 0.414259 0.436305 0.0718187 0.0584109
0 0.227091 0.505368 0.0733817 0.0679376
0 0.168323 0.540493 0.0675563 0.0697405
0 0.846593 0.497877 0.0665967 0.0670241
0 0.851077 0.979021 0.0700964 0.0419581
0 0.964803 0.0125624 0.0632237 0.0251248
0 0.0130641 0.214867 0.0261281 0.0629864
0 0.844747 0.0117762 0.0639162 0.0235524
0 0.0460317 0.485969 0.0740395 0.0803889
0 0.01128 0.737285 0.02256 0.0691563
0 0.683904 0.394759 0.0851439 0.0699443
0 0.21656 0.0152431 0.078825 0.0304861
0 0.372782 0.323285 0.0892119 0.0709132
0 0.0265011 0.240036 0.0524021 0.0989253
0 0.0753279 0.0253936 0.0709994 0.0487106
0 0.516887 0.375971 0.0941658 0.0960685
0 0.2748 0.0299559 0.0754818 0.0570232
0 0.21846 0.435191 0.0703199 0.0627879
0 0.219944 0.315458 0.0842158 0.0798278
0 0.35402 0.924388 0.0691113 0.0683386
0 0.167278 0.254602 0.0926093 0.0941085
0 0.454634 0.317751 0.0775988 0.0942635
0 0.399097 0.0125573 0.0682973 0.0224216
0 0.353937 0.502093 0.0722735 0.0671631
0 0.168863 0.0214945 0.0627792 0.041562
0 0.354537 0.626318 0.0731945 0.0708964
0 0.479133 0.867682 0.0725492 0.0636528
0 0.403316 0.0128259 0.0700592 0.0256517
0 0.925579 0.404541 0.0695372 0.0648522
0 0.98277 0.189536 0.0325673 0.0649778
0 0.0138641 0.94743 0.0277282 0.0655988
0 0.306093 0.063307 0.100415 0.093813
