0 0.548581 0.232401 0.0679543 0.0661574
0 0.795427 0.162895 0.0682626 0.0752214
0 0.85893 0.127418 0.0699449 0.0685969
0 0.975707 0.334063 0.0485852 0.0690918
0 0.796522 0.0872509 0.0679157 0.0717609
0 0.670924 0.0292705 0.0700041 0.0585411
0 0.671257 0.0892113 0.0663421 0.0716062
0 0.1232 0.789583 0.0694044 0.0713066
0 0.611003 0.128419 0.0677681 0.0698012
0 0.485812 0.201339 0.0665717 0.0694999
0 0.548982 0.0914648 0.0691957 0.0718357
0 0.610083 0.0543639 0.065609 0.0676487
0 0.732691 0.127293 0.0695074 0.0698639
0 0.36426 0.341737 0.0692695 0.0732322
0 0.421619 0.0288137 0.0686538 0.0576274
0 0.175838 0.096058 0.0664551 0.0711094
0 0.485374 0.129715 0.0667599 0.0686576
0 0.8583 0.0546831 0.0673211 0.0699935
0 0.797474 0.230039 0.0676191 0.0686332
0 0.798027 0.302757 0.0646958 0.0687886
0 0.797291 0.0279172 0.0705091 0.0558344
0 0.732438 0.0561707 0.0702819 0.0720792
0 0.92151 0.158253 0.067322 0.0676029
0 0.0206396 0.364087 0.0412791 0.0734336
0 0.628354 0.855997 0.070828 0.071139
0 0.859168 0.194824 0.0685816 0.068248
0 0.734638 0.196091 0.0658703 0.0645618
0 0.674381 0.231421 0.0671096 0.0701107
0 0.972734 0.190395 0.0545324 0.0712625
0 0.736739 0.334004 0.06883 0.0718114
0 0.239597 0.344013 0.0711304 0.0679449
0 0.181034 0.312497 0.064847 0.0704128
0 0.361334 0.0538668 0.0662231 0.0696087
0 0.975352 0.119724 0.049296 0.0675079
0 0.674593 0.300316 0.0672665 0.0683969
0 0.920836 0.227737 0.066442 0.0734917
0 0.561872 0.959289 0.0726247 0.0666177
0 0.672956 0.161739 0.0659447 0.0668079
0 0.611071 0.0117206 0.0641421 0.0234411
0 0.3629 0.199541 0.0695441 0.0680947
0 0.921202 0.298978 0.0695388 0.0717722
0 0.42489 0.166195 0.0666935 0.0686136
0 0.612182 0.198891 0.0704105 0.0706216
0 0.485683 0.0570048 0.0687613 0.0735199
0 0.0574904 0.545676 0.0724157 0.070878
0 0.373975 0.644082 0.0724658 0.0693698
0 0.736236 0.265057 0.0681347 0.0720643
0 0.974627 0.0522258 0.0507463 0.0711469
0 0.424085 0.0934605 0.066632 0.0701276
0 0.974223 0.263288 0.0515543 0.0765016
0 0.363487 0.269973 0.0701588 0.0705703
0 0.859156 0.334313 0.0673696 0.068495
0 0.922398 0.0887841 0.0698876 0.0733463
0 0.30784 0.611893 0.0734236 0.068854
0 0.120151 0.0734497 0.0669242 0.0709255
0 0.487982 0.267887 0.0681503 0.0682741
0 0.437836 0.746563 0.0749812 0.0739862
0 0.300513 0.165423 0.0694028 0.0728038
0 0.686474 0.67501 0.0755305 0.0700961
0 0.239076 0.0566114 0.070199 0.0737483
0 0.425837 0.236374 0.0694354 0.0703897
0 0.239609 0.132825 0.0693164 0.0738321
0 0.935705 0.671546 0.0731995 0.0687928
0 0.981232 0.636157 0.0375353 0.0723343
0 0.362914 0.127041 0.0694162 0.0773085
0 0.238707 0.205302 0.0693056 0.0707301
0 0.917896 0.0275852 0.0746028 0.0551705
0 0.87485 0.706648 0.0758647 0.070142
0 0.810357 0.674763 0.0760064 0.0702488
0 0.809776 0.604407 0.0731702 0.0717881
0 0.858947 0.266308 0.0665032 0.0726228
0 0.938744 0.890331 0.0755076 0.0695897
0 0.0207042 0.862497 0.0414084 0.0715849
0 0.564332 0.89265 0.0699347 0.070209
0 0.300621 0.237246 0.0696507 0.0706659
0 0.549629 0.0292988 0.0694474 0.0585975
0 0.243753 0.578297 0.0690399 0.067255
0 0.238951 0.275342 0.0681429 0.0689819
0 0.374202 0.925841 0.0758859 0.0703509
0 0.877152 0.92543 0.0748531 0.0691525
0 0.745847 0.640634 0.0726664 0.0696192
0 0.064009 0.04027 0.0669338 0.0671747
0 0.300612 0.0930284 0.0683577 0.0674776
0 0.49871 0.70866 0.074834 0.0701798
0 0.752787 0.9261 0.0740278 0.0688248
0 0.0643179 0.893588 0.0715324 0.0700954
0 0.501995 0.858038 0.0716752 0.0686661
0 0.624071 0.641173 0.0751936 0.0698683
0 0.816241 0.89115 0.0727561 0.0719194
0 0.183023 0.611793 0.0745415 0.0693023
0 0.934688 0.957835 0.0737638 0.0717522
0 0.0649555 0.825297 0.068139 0.0679774
0 0.0189181 0.0758128 0.0378362 0.0714974
0 0.813766 0.959503 0.0738328 0.0684166
0 0.245644 0.645822 0.0728841 0.0695074
0 0.689487 0.822525 0.0741301 0.0726988
0 0.0648447 0.111403 0.0743882 0.0709843
0 0.441043 0.892184 0.0734451 0.0706809
0 0.119915 0.580358 0.0707531 0.0684607
0 0.561563 0.676156 0.0752155 0.0696542
0 0.936925 0.741251 0.0755987 0.0726309
0 0.612895 0.267947 0.0716965 0.0708939
0 0.374071 0.710758 0.0736846 0.0678185
0 0.432669 0.609277 0.0714113 0.0706766
0 0.313333 0.890413 0.0739927 0.0700395
0 0.311131 0.959769 0.077667 0.0693769
0 0.503136 0.925118 0.0731928 0.0692036
0 0.981848 0.924773 0.0363041 0.0700917
0 0.0200011 0.790319 0.0400022 0.0754185
0 0.374718 0.856698 0.0753074 0.0703889
0 0.302839 0.308946 0.0683873 0.0699211
0 0.983475 0.851783 0.0330508 0.0745252
0 0.0183532 0.219252 0.0367065 0.0766916
0 0.981156 0.707289 0.0376875 0.0717959
0 0.125871 0.290543 0.0691361 0.0746593
0 0.18288 0.962921 0.0734897 0.0672215
0 0.690102 0.893518 0.0750493 0.0704694
0 0.0191697 0.147397 0.0383393 0.0702549
0 0.440979 0.822588 0.0728091 0.072275
0 0.123063 0.145433 0.0684277 0.0694736
0 0.0680533 0.328785 0.0755599 0.0692194
0 0.300117 0.0289747 0.0671543 0.0579494
0 0.674594 0.368901 0.0680981 0.072461
0 0.933259 0.602055 0.0709321 0.0690651
0 0.939766 0.817124 0.074549 0.0728273
0 0.0625031 0.962016 0.0775217 0.0681019
0 0.438137 0.958888 0.0747493 0.0682312
0 0.0653561 0.25219 0.0730891 0.0714729
0 0.560044 0.606421 0.0760429 0.0730366
0 0.311275 0.820847 0.0730413 0.071919
0 0.427216 0.305437 0.0694134 0.0740492
0 0.184248 0.679127 0.075592 0.0696678
0 0.876619 0.854352 0.0701296 0.070348
0 0.624491 0.70834 0.0756735 0.0693829
0 0.185849 0.753633 0.0708737 0.0706806
0 0.50104 0.785323 0.0708417 0.0723814
0 0.0181652 0.934452 0.0363305 0.072618
0 0.749324 0.708223 0.0748065 0.0690607
0 0.875768 0.780856 0.0730391 0.0740664
0 0.814627 0.819874 0.0721338 0.074464
0 0.246333 0.717718 0.07141 0.0679073
0 0.752203 0.857511 0.0753524 0.0699629
0 0.548309 0.163148 0.0690577 0.0753111
0 0.126867 0.216478 0.0686291 0.0736029
0 0.311434 0.677903 0.0759578 0.0682235
0 0.126999 0.362506 0.0654303 0.0718861
0 0.923295 0.367382 0.0697908 0.0707093
0 0.688641 0.74729 0.0734951 0.0741073
0 0.496967 0.641721 0.0747983 0.0694517
0 0.565742 0.821942 0.0742207 0.0724428
0 0.0656508 0.181216 0.0763079 0.0700582
0 0.812467 0.741715 0.0742066 0.0679562
0 0.0649245 0.754123 0.0695776 0.0730724
0 0.751948 0.782861 0.0735893 0.0746726
0 0.872949 0.637431 0.0704746 0.0701576
0 0.246965 0.785066 0.0713733 0.0680231
0 0.563448 0.749908 0.0761122 0.0770974
0 0.179472 0.172578 0.071506 0.0752184
0 0.870582 0.565952 0.0681009 0.0698578
0 0.496732 0.570185 0.0718579 0.0724787
0 0.12204 0.711238 0.0766328 0.0690216
0 0.857525 0.0104554 0.0641071 0.0209108
0 0.181808 0.244086 0.0648742 0.0675985
0 0.625737 0.783784 0.0791533 0.0778406
0 0.628922 0.983264 0.0676922 0.0334713
0 0.979983 0.566848 0.0400335 0.0722959
0 0.804344 0.292278 0.074173 0.0811052
0 0.310721 0.749613 0.0717304 0.0700873
0 0.122926 0.931245 0.0648975 0.0654186
0 0.501593 0.979469 0.0770401 0.0410622
0 0.375002 0.785623 0.0738897 0.0692935
0 0.752223 0.980198 0.0755138 0.0396036
0 0.744173 0.565034 0.0758865 0.0765026
0 0.929943 0.530873 0.0706239 0.072556
0 0.983123 0.780983 0.0337546 0.070182
0 0.122922 0.0166588 0.0689355 0.0330974
0 0.556986 0.532004 0.0705783 0.0700111
0 0.691422 0.958371 0.0750554 0.0671618
0 0.248887 0.924948 0.0747398 0.0702254
0 0.37551 0.980979 0.0756592 0.0380423
0 0.870536 0.132234 0.0844697 0.0777354
0 0.875759 0.980086 0.0742395 0.0398272
0 0.302631 0.37633 0.0710303 0.0681559
0 0.80721 0.528658 0.0719609 0.0728322
0 0.0178992 0.0205049 0.0357984 0.040299
0 0.0671006 0.394654 0.0717102 0.0690857
0 0.980093 0.980206 0.0398146 0.0395883
0 0.121077 0.645124 0.0748947 0.0692534
0 0.734253 0.0111341 0.0692786 0.0222681
0 0.12474 0.982377 0.0686851 0.0352454
0 0.248085 0.856995 0.0760105 0.0732214
0 0.306979 0.543281 0.0733335 0.0718417
0 0.0611027 0.683055 0.0724877 0.0716295
0 0.247989 0.981658 0.0743788 0.0366842
0 0.887353 0.117324 0.103987 0.0944621
0 0.612498 0.337488 0.0742372 0.0746194
0 0.435429 0.535145 0.0730019 0.0738083
0 0.690769 0.0232235 0.0617089 0.046447
0 0.42769 0.377557 0.0725638 0.0756819
0 0.238108 0.409487 0.0714585 0.0690295
0 0.362994 0.0114117 0.0638442 0.0228233
0 0.184436 0.817587 0.0765624 0.0681055
0 0.48588 0.0117892 0.071204 0.0235784
0 0.681369 0.606807 0.066668 0.065563
0 0.619731 0.57074 0.0660049 0.0711184
0 0.432467 0.0854043 0.079307 0.0846253
0 0.835522 0.313763 0.101136 0.0907456
0 0.798446 0.368411 0.0676712 0.0705363
0 0.0173321 0.719214 0.0346643 0.0693257
0 0.0167013 0.985462 0.0334025 0.0290762
0 0.495518 0.495732 0.0732353 0.0744479
0 0.868616 0.319108 0.077601 0.0910617
0 0.462145 0.0425788 0.0833135 0.0694315
0 0.240444 0.0115858 0.0676745 0.0231715
0 0.431988 0.160292 0.0724344 0.0777957
0 0.014875 0.513943 0.02975 0.0698193
0 0.185752 0.544334 0.0672941 0.0672367
0 0.768209 0.0201071 0.0949829 0.0402142
0 0.432663 0.0210477 0.0676373 0.0420955
0 0.433528 0.677227 0.070949 0.0673213
0 0.612853 0.25264 0.0718958 0.0764886
0 0.39127 0.0169184 0.102095 0.0338368
