0 0.69911 0.376075 0.0717185 0.0795405
0 0.765116 0.553547 0.0673399 0.0707159
0 0.573425 0.305055 0.0706441 0.0744097
0 0.202839 0.313988 0.0684362 0.0746628
0 0.642755 0.633451 0.0668468 0.0715365
0 0.387897 0.276498 0.0713557 0.0749126
0 0.698502 0.232173 0.069699 0.0700918
0 0.825679 0.533321 0.0673933 0.0693492
0 0.139388 0.348808 0.0685619 0.0772098
0 0.888641 0.782691 0.070461 0.0715157
0 0.767513 0.705193 0.0664632 0.0710819
0 0.203927 0.385671 0.0690806 0.0751927
0 0.13862 0.208737 0.0677801 0.0699499
0 0.951932 0.746995 0.0699029 0.0736125
0 0.512229 0.415938 0.0715404 0.0752229
0 0.327256 0.386546 0.0676562 0.0732492
0 0.199585 0.175238 0.0692492 0.0693156
0 0.765701 0.628898 0.0671979 0.0750711
0 0.263463 0.207089 0.0708957 0.0693372
0 0.953126 0.820733 0.0685861 0.0707359
0 0.451103 0.305142 0.0668131 0.0686171
0 0.329359 0.597599 0.0667374 0.074275
0 0.636555 0.338119 0.0704614 0.0676845
0 0.326761 0.239075 0.0677584 0.0699048
0 0.889679 0.854011 0.0678897 0.0724201
0 0.327156 0.312459 0.0675202 0.0716726
0 0.0261406 0.212231 0.0522813 0.0682599
0 0.824885 0.463953 0.0672876 0.069143
0 0.392717 0.560952 0.0690323 0.0716665
0 0.139592 0.277241 0.0671286 0.0654485
0 0.698727 0.449022 0.0733361 0.0721821
0 0.32798 0.457483 0.0663976 0.069931
0 0.325416 0.173987 0.0706673 0.0674643
0 0.512265 0.340775 0.0701066 0.0738735
0 0.948981 0.606549 0.0706614 0.0648389
0 0.078778 0.390508 0.0662173 0.0723948
0 0.141744 0.423895 0.0692313 0.0725718
0 0.449642 0.236293 0.0690742 0.0716045
0 0.828056 0.817995 0.0652359 0.0768211
0 0.0797927 0.459445 0.0661643 0.0676271
0 0.264958 0.274897 0.0686224 0.0703367
0 0.266306 0.350384 0.0678272 0.0736798
0 0.826307 0.674927 0.0650728 0.0683205
0 0.387802 0.20469 0.06953 0.0710617
0 0.322843 0.111669 0.0714314 0.069344
0 0.515844 0.488711 0.0681896 0.0690613
0 0.891992 0.926029 0.0667095 0.068375
0 0.826254 0.608126 0.0671099 0.0728577
0 0.818416 0.0979931 0.0710168 0.0711453
0 0.0786229 0.314827 0.0661566 0.0724405
0 0.0811767 0.603322 0.0674481 0.0689799
0 0.704461 0.592048 0.0673888 0.073328
0 0.757959 0.26853 0.0688899 0.0712941
0 0.385358 0.135561 0.0708555 0.0633945
0 0.830049 0.892021 0.0666367 0.0699281
0 0.330183 0.52612 0.0668575 0.0714574
0 0.950593 0.67455 0.0717857 0.0725389
0 0.333459 0.743338 0.0688668 0.0710913
0 0.206557 0.601056 0.0689902 0.0664153
0 0.520235 0.638917 0.0689991 0.0702122
0 0.26936 0.637074 0.0690274 0.0710199
0 0.391302 0.491374 0.0675648 0.0678278
0 0.767411 0.774551 0.0661621 0.0674677
0 0.077738 0.176123 0.0674671 0.0684927
0 0.452366 0.45479 0.0673889 0.0714564
0 0.582497 0.888535 0.0684223 0.0764998
0 0.645557 0.924616 0.0716846 0.0704598
0 0.144772 0.637629 0.0700696 0.0690637
0 0.0788077 0.242253 0.0649646 0.0662107
0 0.635378 0.197121 0.0725961 0.0692857
0 0.511376 0.269667 0.07057 0.0705846
0 0.704956 0.665474 0.0689282 0.076113
0 0.636654 0.267046 0.071919 0.0718969
0 0.764385 0.482809 0.0692482 0.0725517
0 0.393596 0.634458 0.0724505 0.0745816
0 0.455799 0.525703 0.0686666 0.0739901
0 0.520312 0.707094 0.068871 0.0690577
0 0.886932 0.70938 0.0704451 0.0706015
0 0.581116 0.597988 0.0688492 0.0770271
0 0.522388 0.925537 0.0708759 0.0726614
0 0.261757 0.142335 0.0713562 0.0695816
0 0.143477 0.567026 0.0694953 0.0704069
0 0.027281 0.427062 0.054562 0.0708762
0 0.268663 0.56337 0.0690786 0.0703919
0 0.141326 0.493823 0.0667828 0.0665185
0 0.98219 0.0712532 0.0356196 0.0709796
0 0.207754 0.889135 0.0699031 0.0704865
0 0.0302316 0.92549 0.0604631 0.0706792
0 0.579185 0.521994 0.0677164 0.0701603
0 0.387547 0.421223 0.0681174 0.0709162
0 0.519158 0.561849 0.0693711 0.0747087
0 0.457042 0.598159 0.0709157 0.0734582
0 0.571108 0.0975794 0.0741141 0.0776802
0 0.886141 0.570998 0.0716362 0.0699818
0 0.956078 0.962617 0.0715985 0.0717318
0 0.0845329 0.959319 0.0715692 0.0682697
0 0.382992 0.0776864 0.0722716 0.0699568
0 0.145217 0.85134 0.0686194 0.0690184
0 0.571473 0.234081 0.0720466 0.0709633
0 0.0813264 0.531576 0.0673338 0.0706706
0 0.145914 0.709239 0.0704681 0.072062
0 0.761821 0.335871 0.0690303 0.0707144
0 0.521951 0.847627 0.0690937 0.069562
0 0.947026 0.539122 0.0725857 0.0762672
0 0.955734 0.891928 0.0703542 0.0711164
0 0.208213 0.747115 0.0713026 0.0734738
0 0.583065 0.672397 0.0715222 0.0713117
0 0.883914 0.426915 0.0709827 0.0707393
0 0.649905 0.978495 0.072957 0.0430094
0 0.337346 0.891668 0.0750762 0.0719036
0 0.26026 0.0732231 0.0717736 0.0738782
0 0.886797 0.640843 0.0705091 0.072301
0 0.44423 0.0421237 0.0729491 0.0702693
0 0.0836329 0.674929 0.0700655 0.070986
0 0.709992 0.961583 0.0713472 0.0719724
0 0.274497 0.706931 0.0742872 0.0699468
0 0.447882 0.164935 0.0728495 0.0720692
0 0.0841049 0.889565 0.0684738 0.0677724
0 0.695842 0.0875216 0.0730062 0.0696032
0 0.2085 0.672837 0.0711335 0.0726529
0 0.146741 0.923476 0.0712891 0.0718755
0 0.572308 0.1654 0.0731671 0.0717106
0 0.832231 0.960851 0.0704429 0.0735557
0 0.0843804 0.821231 0.0676488 0.0696933
0 0.505791 0.0649233 0.068239 0.0623916
0 0.207763 0.815975 0.0708518 0.0683608
0 0.770221 0.925459 0.0689981 0.0700992
0 0.137812 0.144729 0.0666465 0.064515
0 0.026523 0.35477 0.0530461 0.0779383
0 0.271141 0.854773 0.0713787 0.0727353
0 0.755792 0.197642 0.069694 0.0665303
0 0.458558 0.67356 0.072255 0.0720093
0 0.510008 0.199953 0.0721689 0.072832
0 0.0738109 0.111047 0.0688581 0.0688172
0 0.3955 0.707271 0.071419 0.0710895
0 0.196829 0.0383246 0.0781312 0.0747307
0 0.769345 0.854247 0.0686285 0.0745618
0 0.939844 0.181777 0.079457 0.0762548
0 0.320465 0.0388646 0.0741342 0.0731665
0 0.707271 0.813414 0.0695741 0.0696378
0 0.259997 0.0175532 0.0715757 0.0327593
0 0.703323 0.519768 0.068839 0.0709209
0 0.270878 0.925399 0.0721335 0.0698576
0 0.461793 0.89054 0.0688188 0.0709033
0 0.335756 0.815724 0.0701139 0.0699909
0 0.209581 0.96065 0.071817 0.0739989
0 0.459862 0.816208 0.0689586 0.0678072
0 0.0305466 0.710635 0.0610932 0.0738236
0 0.144512 0.780995 0.0686061 0.0674938
0 0.757706 0.125511 0.0701355 0.0681126
0 0.938607 0.107993 0.0727841 0.0717305
0 0.984824 0.356424 0.0303524 0.07467
0 0.708655 0.887206 0.0722914 0.0744678
0 0.265411 0.423492 0.0694749 0.0726293
0 0.878667 0.0751994 0.0728316 0.0709638
0 0.882245 0.357094 0.0730213 0.0730058
0 0.64379 0.845431 0.0728915 0.0768189
0 0.446838 0.0991748 0.0725209 0.0604463
0 0.0838016 0.750992 0.0686482 0.0697936
0 0.692702 0.0264669 0.0737102 0.0529337
0 0.822204 0.318778 0.0693488 0.0758964
0 0.458667 0.746245 0.069858 0.0729666
0 0.464523 0.961451 0.0695697 0.0722015
0 0.404684 0.925872 0.072647 0.0691401
0 0.0280977 0.497069 0.0561953 0.0683718
0 0.0278326 0.56399 0.0556651 0.0726943
0 0.634842 0.129596 0.0726955 0.0689634
0 0.397279 0.781381 0.0687805 0.0700982
0 0.983115 0.144378 0.03377 0.0755702
0 0.272489 0.783684 0.0693399 0.0679327
0 0.339596 0.959239 0.0789151 0.0696268
0 0.268149 0.492567 0.0686051 0.0713166
0 0.885124 0.501388 0.0719469 0.0709968
0 0.0300887 0.786468 0.0601774 0.0736744
0 0.946279 0.462449 0.0724268 0.071307
0 0.509898 0.130305 0.072103 0.0689917
0 0.398518 0.851765 0.0713499 0.0742985
0 0.197684 0.10589 0.072409 0.0720691
0 0.13377 0.0210087 0.0762627 0.0397547
0 0.696324 0.161949 0.0724764 0.0707996
0 0.133669 0.0699389 0.074535 0.0675668
0 0.577139 0.45353 0.0664172 0.0688676
0 0.0308871 0.64021 0.0617742 0.0702056
0 0.0274097 0.276087 0.0548194 0.0700308
0 0.771939 0.980512 0.0715029 0.0385422
0 0.0298058 0.85623 0.0596116 0.0690466
0 0.879853 0.142586 0.0732863 0.0687659
0 0.875954 0.0208774 0.0763501 0.0403877
0 0.894342 0.9805 0.0700674 0.0390007
0 0.941452 0.253019 0.0780326 0.0710009
0 0.943732 0.390013 0.0728683 0.0749713
0 0.98413 0.284253 0.0317395 0.0701559
0 0.823231 0.394547 0.0677614 0.0704048
0 0.940949 0.0413312 0.0714285 0.0673048
0 0.942563 0.319557 0.0720868 0.071245
0 0.633266 0.0576396 0.072306 0.0764921
0 0.754478 0.0555811 0.0709708 0.0693219
0 0.643548 0.559317 0.0681951 0.0719521
0 0.707352 0.741381 0.0687096 0.0727212
0 0.812695 0.0379878 0.0788755 0.0736546
0 0.8806 0.285327 0.0728092 0.0710862
0 0.20505 0.530355 0.0684969 0.0692775
0 0.986816 0.574502 0.0252366 0.069659
0 0.52133 0.781531 0.06855 0.0654423
0 0.0290545 0.979979 0.0581091 0.0400413
0 0.14893 0.97978 0.0650467 0.0404391
0 0.382835 0.0187022 0.068383 0.0374044
0 0.403709 0.981376 0.0698122 0.037248
0 0.388625 0.349583 0.0695919 0.072244
0 0.275172 0.980477 0.0775756 0.0385222
0 0.986586 0.504306 0.0268277 0.077024
0 0.445633 0.0834095 0.0737445 0.0767123
0 0.383851 0.103075 0.0730221 0.0915952
0 0.987566 0.640485 0.0229279 0.0681627
0 0.635137 0.412059 0.0697107 0.0735187
0 0.982844 0.0185512 0.0343128 0.0371025
0 0.278807 0.355309 0.0844153 0.0784175
0 0.985584 0.429118 0.0288312 0.0686632
0 0.070693 0.0435422 0.0724998 0.0726461
0 0.52465 0.982525 0.0736952 0.0349498
0 0.879095 0.210657 0.0695713 0.07084
0 0.136454 0.359842 0.0755274 0.077523
0 0.211565 0.30137 0.0775059 0.0817138
0 0.985736 0.730589 0.0285273 0.0849533
0 0.643677 0.775058 0.0733209 0.0735564
0 0.984142 0.220518 0.0317155 0.0716725
0 0.987232 0.801072 0.0255357 0.0850735
0 0.752791 0.0146858 0.0700359 0.0287011
0 0.329801 0.671967 0.0654219 0.070675
0 0.631321 0.0114495 0.0659595 0.022899
0 0.404646 0.864635 0.0690552 0.0667322
0 0.11594 0.156409 0.075124 0.0869379
0 0.646609 0.623709 0.0697985 0.0747328
0 0.503891 0.0191405 0.0626097 0.037283
0 0.260722 0.124425 0.0720142 0.0671797
0 0.198214 0.13334 0.0721497 0.0704516
0 0.758488 0.255383 0.0665557 0.0576559
0 0.109871 0.305793 0.109678 0.0838931
