0 0.730049 0.773761 0.0674036 0.069314
0 0.797374 0.953445 0.0657175 0.0724881
0 0.673408 0.952805 0.0673926 0.0733124
0 0.669251 0.737241 0.0684705 0.071223
0 0.484306 0.776928 0.0669969 0.0681193
0 0.546894 0.810189 0.0672939 0.069988
0 0.174308 0.673961 0.0685377 0.0702515
0 0.728462 0.627673 0.0711367 0.0695548
0 0.732686 0.842291 0.0693867 0.067584
0 0.857133 0.918384 0.0660892 0.0706815
0 0.671391 0.875745 0.0696123 0.0720745
0 0.48677 0.849091 0.0658682 0.0710988
0 0.856167 0.845022 0.0681469 0.0689445
0 0.669284 0.812993 0.0708816 0.0663817
0 0.79749 0.881054 0.0652257 0.07087
0 0.608719 0.77558 0.0664978 0.0701354
0 0.361626 0.634465 0.0666125 0.0733135
0 0.420642 0.666595 0.0647798 0.070556
0 0.481499 0.704964 0.0700902 0.072787
0 0.735946 0.913402 0.0695179 0.0775362
0 0.917485 0.953606 0.070121 0.070788
0 0.547674 0.886791 0.065799 0.0735455
0 0.301178 0.958071 0.0708175 0.0712317
0 0.111748 0.640363 0.0678446 0.0714471
0 0.239112 0.923435 0.0707608 0.0708994
0 0.790314 0.737104 0.07288 0.0752618
0 0.667837 0.668994 0.0689325 0.0679629
0 0.54698 0.740288 0.0689731 0.0712286
0 0.300389 0.88743 0.0683895 0.0694805
0 0.737585 0.975606 0.0725527 0.0487885
0 0.299295 0.674394 0.0680867 0.0703982
0 0.360673 0.77469 0.065321 0.0678498
0 0.238314 0.709416 0.0700005 0.0685229
0 0.421148 0.742679 0.0666679 0.0661342
0 0.855431 0.772934 0.0708942 0.0728106
0 0.971899 0.915491 0.0562023 0.0714301
0 0.857621 0.975172 0.0685425 0.049651
0 0.176054 0.813951 0.0689523 0.0756868
0 0.549459 0.957627 0.0679233 0.0698513
0 0.918741 0.803079 0.0696393 0.0707514
0 0.971249 0.770319 0.0575016 0.0707681
0 0.608031 0.847037 0.0675039 0.0751327
0 0.176878 0.961186 0.0691257 0.0717238
0 0.608317 0.704558 0.0693817 0.071317
0 0.60525 0.635982 0.0712514 0.0720013
0 0.916629 0.880984 0.0742546 0.0777726
0 0.36326 0.921382 0.0700816 0.0683689
0 0.362454 0.852111 0.0693791 0.0732956
0 0.300588 0.814071 0.0693536 0.0723107
0 0.29957 0.741999 0.0670503 0.0649101
0 0.97167 0.8434 0.0566596 0.0798939
0 0.424415 0.812668 0.0685282 0.0732567
0 0.61408 0.978045 0.0732894 0.0435836
0 0.0505168 0.674616 0.0726131 0.071382
0 0.239169 0.852258 0.0692614 0.0729532
0 0.490771 0.92099 0.0721365 0.0719793
0 0.117919 0.925334 0.0678741 0.0703142
0 0.0479928 0.598571 0.0709821 0.0790997
0 0.116494 0.706808 0.0693975 0.0671895
0 0.425846 0.957996 0.0698493 0.0677431
0 0.116042 0.854351 0.0701828 0.073509
0 0.916425 0.589224 0.0720043 0.073669
0 0.0579053 0.959206 0.0773148 0.0701187
0 0.0513524 0.816199 0.0709298 0.0671961
0 0.426453 0.889556 0.0710142 0.0726984
0 0.970313 0.624559 0.0593733 0.0748315
0 0.0561165 0.888942 0.073635 0.0722357
0 0.610546 0.92071 0.0697794 0.0751344
0 0.666047 0.595193 0.0737083 0.0786905
0 0.790304 0.664329 0.0735683 0.0703163
0 0.113583 0.777638 0.0695033 0.069641
0 0.365302 0.977205 0.0733848 0.0455503
0 0.0508536 0.74585 0.0714339 0.0736556
0 0.853994 0.626237 0.0719388 0.0750488
0 0.543321 0.666855 0.0706427 0.0734452
0 0.916882 0.73313 0.0712017 0.0720961
0 0.969588 0.697626 0.0608246 0.0754077
0 0.0125584 0.707453 0.0251167 0.06603
0 0.237808 0.638129 0.0716593 0.0766128
0 0.852611 0.699673 0.0748563 0.0773069
0 0.176786 0.890182 0.069888 0.0719565
0 0.172247 0.600378 0.0680545 0.0791041
0 0.0161779 0.926686 0.0323558 0.0704057
0 0.238807 0.773446 0.0700547 0.0664864
0 0.91469 0.662758 0.0728176 0.0721755
0 0.490163 0.979179 0.073477 0.0410194
0 0.971244 0.97467 0.0575116 0.0498925
0 0.375339 0.644024 0.0800753 0.0786624
0 0.119703 0.981226 0.0713299 0.0373855
0 0.790006 0.593376 0.0729544 0.0720907
0 0.55259 0.725301 0.0740341 0.0895669
0 0.542415 0.596222 0.0721571 0.0723606
0 0.300452 0.599073 0.0716103 0.0790291
0 0.0137201 0.785087 0.0274402 0.0707734
0 0.970693 0.551537 0.0586131 0.0726068
0 0.359551 0.707832 0.0660121 0.0700612
0 0.420551 0.598085 0.0648409 0.0686524
0 0.0148546 0.855639 0.0297092 0.0737262
0 0.559604 0.797785 0.0859501 0.0738933
0 0.437167 0.805118 0.0843687 0.0897944
0 0.638494 0.694358 0.060029 0.0788207
0 0.727774 0.556142 0.0713811 0.073934
0 0.60439 0.559247 0.0718063 0.0744963
0 0.0153292 0.981459 0.0306585 0.037081
0 0.853321 0.556038 0.0709952 0.0707402
0 0.596335 0.842222 0.0875165 0.0803013
0 0.614239 0.933077 0.0715868 0.0826347
0 0.24135 0.979497 0.0805403 0.0410066
