0 0.745642 0.154526 0.0707394 0.0734735
0 0.430767 0.68521 0.0695902 0.0751886
0 0.0552896 0.11618 0.0744285 0.0752504
0 0.0539009 0.327236 0.0737511 0.0700102
0 0.49806 0.150406 0.0745012 0.0751125
0 0.246218 0.218575 0.0756536 0.0758279
0 0.244897 0.789856 0.0779699 0.078321
0 0.179159 0.472882 0.0713259 0.0724859
0 0.618892 0.149667 0.07111 0.0733583
0 0.18302 0.182269 0.0695451 0.0746312
0 0.050987 0.470651 0.072842 0.0765477
0 0.242059 0.649125 0.069346 0.0724465
0 0.177212 0.263093 0.0663616 0.0749839
0 0.178183 0.332242 0.0680473 0.0679922
0 0.118122 0.363963 0.0725197 0.0704097
0 0.619031 0.441975 0.0719719 0.0727563
0 0.177791 0.615426 0.0688217 0.0667112
0 0.931055 0.545596 0.0677698 0.0679047
0 0.369211 0.0783516 0.0692255 0.067495
0 0.431856 0.829997 0.0700108 0.0691366
0 0.492157 0.651488 0.0729145 0.0731956
0 0.980007 0.0844032 0.0399866 0.067167
0 0.559285 0.546686 0.0689542 0.0673019
0 0.496155 0.580168 0.0750331 0.0694363
0 0.492619 0.864573 0.0706903 0.0688188
0 0.929959 0.829773 0.0692577 0.0681252
0 0.621004 0.0232112 0.067637 0.0464223
0 0.178654 0.759339 0.0698678 0.0704048
0 0.0510926 0.614385 0.0738301 0.0714252
0 0.746583 0.0818961 0.0721643 0.0696918
0 0.685737 0.332368 0.0762211 0.0712341
0 0.978074 0.865722 0.043851 0.0666993
0 0.684055 0.829615 0.0732827 0.0698354
0 0.618177 0.0800692 0.0710273 0.0695475
0 0.182302 0.112089 0.0749619 0.0702169
0 0.743481 0.296778 0.0689536 0.0698768
0 0.115891 0.579282 0.0721781 0.0721645
0 0.684774 0.0455814 0.0766945 0.0709245
0 0.0527549 0.255126 0.0780548 0.0775109
0 0.810013 0.193032 0.0736638 0.0717525
0 0.873644 0.0243444 0.067143 0.0486888
0 0.872589 0.298806 0.0726438 0.0682144
0 0.310048 0.112408 0.0713083 0.0690062
0 0.308914 0.329934 0.0727807 0.069609
0 0.745323 0.795876 0.0724058 0.0698564
0 0.241162 0.581435 0.0712664 0.0688372
0 0.934529 0.0478889 0.0738521 0.0687313
0 0.621048 0.581191 0.0725297 0.0686741
0 0.367843 0.507576 0.0683817 0.0675323
0 0.620907 0.794846 0.071462 0.0702443
0 0.805452 0.33336 0.0708153 0.066741
0 0.121028 0.148023 0.0784266 0.070998
0 0.557927 0.830136 0.0750313 0.0708439
0 0.55869 0.0455798 0.0700213 0.0690223
0 0.431621 0.543663 0.0724696 0.0717176
0 0.979437 0.722813 0.0411264 0.0757096
0 0.430697 0.112274 0.0718541 0.0692803
0 0.868918 0.86376 0.0704328 0.0701025
0 0.11506 0.796206 0.0714275 0.0708348
0 0.181461 0.902285 0.0720016 0.0708208
0 0.979447 0.58419 0.0411054 0.0692191
0 0.553836 0.331885 0.0694959 0.0725911
0 0.0529859 0.761288 0.0688223 0.0701861
0 0.0505887 0.540022 0.0754967 0.0750624
0 0.750097 0.0238976 0.0677969 0.0477953
0 0.809869 0.547398 0.0745559 0.0687474
0 0.683915 0.758789 0.0705713 0.0716571
0 0.750101 0.934829 0.07687 0.0762496
0 0.304102 0.679585 0.0712638 0.0680784
0 0.116452 0.506325 0.0689875 0.0710188
0 0.429007 0.33189 0.0717648 0.0710517
0 0.0147273 0.29431 0.0294546 0.0717549
0 0.309958 0.256864 0.0712351 0.0739899
0 0.430945 0.613726 0.0705775 0.0693088
0 0.979762 0.224097 0.0404769 0.0687999
0 0.375108 0.0230566 0.073209 0.0461133
0 0.180092 0.830542 0.0729901 0.070863
0 0.370213 0.580478 0.0734527 0.0713046
0 0.371913 0.863833 0.0719573 0.0694866
0 0.809854 0.0492886 0.0747188 0.0689923
0 0.434025 0.260244 0.0746092 0.0748861
0 0.370027 0.934994 0.0730283 0.0722413
0 0.183395 0.0429939 0.0749798 0.0699854
0 0.49698 0.0782956 0.0760932 0.0709819
0 0.495814 0.93662 0.073689 0.0726779
0 0.434715 0.0438953 0.0729315 0.0701175
0 0.873635 0.0814418 0.0764203 0.069752
0 0.866809 0.935999 0.070158 0.0707639
0 0.36762 0.293736 0.0704583 0.0725396
0 0.558576 0.118478 0.0699555 0.0716258
0 0.115065 0.721893 0.0698747 0.073374
0 0.244115 0.437007 0.0716093 0.0742897
0 0.116935 0.431952 0.0691655 0.0717988
0 0.932913 0.615415 0.074424 0.0704879
0 0.492168 0.290266 0.0680138 0.0743682
0 0.68257 0.115458 0.0746744 0.0697977
0 0.932534 0.329721 0.072458 0.069537
0 0.369185 0.146165 0.0699717 0.0683135
0 0.744574 0.864321 0.0706713 0.0675838
0 0.370098 0.789051 0.0718146 0.0729976
0 0.311711 0.75451 0.0745491 0.0761375
0 0.305288 0.615263 0.0714406 0.0662143
0 0.2461 0.145777 0.0745261 0.0681441
0 0.870215 0.364771 0.0729623 0.0693165
0 0.871704 0.580488 0.0740299 0.0712931
0 0.49314 0.370111 0.0717489 0.0745224
0 0.932563 0.476653 0.0686626 0.0716789
0 0.559616 0.613843 0.0752348 0.069324
0 0.433717 0.18203 0.0781853 0.0741853
0 0.368077 0.364608 0.0695268 0.0679839
0 0.617795 0.51222 0.0702125 0.0710135
0 0.0537358 0.96662 0.0716305 0.0650954
0 0.0516758 0.831572 0.0708556 0.0700041
0 0.431474 0.89781 0.0710781 0.0678113
0 0.0145088 0.155315 0.0290176 0.0749373
0 0.979552 0.295604 0.0408957 0.0740224
0 0.560683 0.760153 0.0707138 0.071738
0 0.872259 0.510432 0.0681218 0.0687301
0 0.807339 0.402141 0.0718955 0.0717436
0 0.808397 0.615144 0.0728464 0.0688143
0 0.430642 0.404342 0.0683413 0.0667185
0 0.622738 0.72039 0.0702169 0.0705171
0 0.180034 0.967708 0.072438 0.0625889
0 0.685894 0.547351 0.0777907 0.0708679
0 0.312226 0.0441866 0.0718998 0.0691531
0 0.978401 0.934383 0.0431976 0.0723695
0 0.979827 0.440383 0.0403469 0.075605
0 0.623305 0.864046 0.0755961 0.0705081
0 0.746275 0.582716 0.0726094 0.0679765
0 0.743529 0.365354 0.0707895 0.0677183
0 0.932105 0.965918 0.0758246 0.0669458
0 0.244446 0.935586 0.0733283 0.0703336
0 0.87342 0.229809 0.0729799 0.0723622
0 0.11485 0.867097 0.0710375 0.0757073
0 0.244948 0.364189 0.075442 0.0685567
0 0.74654 0.723364 0.0712371 0.0707941
0 0.248484 0.0767314 0.0762739 0.070053
0 0.982081 0.025016 0.0358382 0.050032
0 0.370135 0.219046 0.0696031 0.0699539
0 0.931346 0.761705 0.0713429 0.0726678
0 0.242928 0.864902 0.0723853 0.0688648
0 0.307102 0.545795 0.0743661 0.0727291
0 0.369942 0.43836 0.0717113 0.0721325
0 0.932007 0.684797 0.0709388 0.0727876
0 0.746697 0.438303 0.0710951 0.0733691
0 0.498347 0.510315 0.0751452 0.0718558
0 0.0527895 0.685359 0.0700332 0.0731311
0 0.306831 0.400512 0.0713242 0.0722277
0 0.806427 0.900443 0.0680423 0.0690246
0 0.49477 0.440423 0.0706673 0.0678455
0 0.308294 0.182583 0.0706694 0.0717758
0 0.934699 0.116221 0.0731283 0.0703251
0 0.68395 0.61596 0.0726948 0.0697343
0 0.808734 0.829721 0.0757535 0.0720019
0 0.928467 0.896807 0.0700129 0.0679569
0 0.93424 0.4021 0.0715916 0.073602
0 0.870286 0.64904 0.0715518 0.0675029
0 0.311038 0.829189 0.0790676 0.0717244
0 0.978651 0.797072 0.0426972 0.0733716
0 0.872672 0.154296 0.0725744 0.073055
0 0.98021 0.153324 0.0395794 0.0702028
0 0.178293 0.399812 0.0699358 0.0722272
0 0.978978 0.650849 0.042044 0.0674237
0 0.242942 0.511628 0.0715231 0.0730064
0 0.872846 0.793942 0.0728024 0.0708449
0 0.308421 0.898357 0.0757463 0.0687368
0 0.368899 0.647554 0.072736 0.0674304
0 0.811309 0.476638 0.0746827 0.0734164
0 0.559139 0.409079 0.0737442 0.0691359
0 0.559584 0.89768 0.0780258 0.0696923
0 0.686034 0.896781 0.073698 0.0683618
0 0.745975 0.652925 0.0713044 0.0705209
0 0.979287 0.368346 0.0414268 0.0686374
0 0.870795 0.721942 0.0686623 0.0696838
0 0.115752 0.650086 0.0693624 0.0704265
0 0.0139166 0.866548 0.0278331 0.0642109
0 0.560884 0.967057 0.0748916 0.0653807
0 0.306851 0.472124 0.0706776 0.0717601
0 0.933805 0.260266 0.0676444 0.0674731
0 0.809918 0.115348 0.0766273 0.0694745
0 0.809584 0.684248 0.0764959 0.0734433
0 0.683504 0.260733 0.0738078 0.0697838
0 0.309587 0.966284 0.0724776 0.0654316
0 0.810721 0.967281 0.0691018 0.0649107
0 0.179275 0.68516 0.0703821 0.0723227
0 0.622956 0.654135 0.0706224 0.0676789
0 0.434925 0.966944 0.074383 0.0652204
0 0.747424 0.513848 0.0722177 0.0707557
0 0.013241 0.650784 0.026482 0.0679443
0 0.684362 0.688211 0.0699348 0.0668776
0 0.0154611 0.725322 0.0309222 0.0707647
0 0.118878 0.293225 0.0716087 0.0714895
0 0.80927 0.263731 0.0789685 0.0714433
0 0.560281 0.477275 0.0694307 0.0695884
0 0.87403 0.439165 0.0728152 0.0726845
0 0.561739 0.687441 0.0761141 0.0716736
0 0.688305 0.967627 0.0750091 0.0646269
0 0.24846 0.0214921 0.0744754 0.0417867
0 0.0149111 0.796326 0.0298222 0.0697479
0 0.683215 0.186193 0.0758843 0.0713472
0 0.624242 0.938827 0.075792 0.0693009
0 0.0508631 0.898493 0.0701721 0.0662143
0 0.811437 0.75838 0.0722582 0.0689151
0 0.432804 0.469699 0.070057 0.0687021
0 0.500293 0.0209134 0.0722291 0.0418109
0 0.686917 0.476359 0.0747751 0.0722643
0 0.93534 0.1908 0.0712175 0.0717837
0 0.116331 0.0200479 0.0719579 0.0400959
0 0.246957 0.294845 0.0798811 0.0733957
0 0.369045 0.721886 0.0688039 0.0687792
0 0.685992 0.403634 0.0710042 0.0723796
0 0.0136809 0.362403 0.0273619 0.0665289
0 0.979003 0.511316 0.0419942 0.0731097
0 0.498266 0.725357 0.0765618 0.0738955
0 0.0146766 0.937907 0.0293531 0.0708389
0 0.620803 0.294432 0.0760226 0.0729991
0 0.123179 0.218295 0.074815 0.071322
0 0.0123652 0.43051 0.0247304 0.0615531
0 0.117272 0.0763615 0.0751406 0.0726074
0 0.868368 0.985457 0.0706463 0.0290864
0 0.246122 0.985107 0.0689396 0.0297859
0 0.499586 0.7952 0.0723366 0.069505
0 0.497477 0.985936 0.0709898 0.0281277
0 0.977896 0.983844 0.044208 0.032312
0 0.558389 0.186136 0.0710446 0.0679854
0 0.624728 0.985472 0.0720831 0.0290557
0 0.686044 0.0224687 0.0739093 0.0449374
0 0.751288 0.986361 0.0703467 0.0272778
0 0.115667 0.943574 0.0728383 0.0755317
0 0.811465 0.0111907 0.068838 0.0223815
0 0.371811 0.984145 0.072686 0.0313168
0 0.178018 0.275586 0.0624969 0.0579019
0 0.931267 0.7739 0.0763676 0.0713751
0 0.0125223 0.511175 0.0250447 0.0755933
0 0.558251 0.0232836 0.0701206 0.0452887
0 0.935902 0.0158323 0.0742704 0.0316646
0 0.980705 0.305968 0.0385901 0.0596131
0 0.621743 0.522265 0.0760061 0.0658234
