0 0.971644 0.752869 0.0567124 0.264327
0 0.541884 0.394751 0.0705972 0.277039
0 0.0385642 0.383895 0.0771284 0.298445
0 0.602066 0.249493 0.0728445 0.280922
0 0.480366 0.77961 0.0711998 0.264083
0 0.541564 0.649693 0.0719885 0.262989
0 0.727637 0.760222 0.0720451 0.25508
0 0.604287 0.766719 0.0719868 0.2757
0 0.788299 0.377578 0.0730755 0.274324
0 0.354778 0.788619 0.0697643 0.26877
0 0.973426 0.237375 0.0531471 0.270498
0 0.416166 0.657159 0.0744841 0.277309
0 0.228359 0.517879 0.0721532 0.293987
0 0.167488 0.365213 0.0711342 0.260013
0 0.228138 0.796109 0.0721458 0.263891
0 0.478886 0.524079 0.0734181 0.258516
0 0.66562 0.639761 0.0724844 0.256368
0 0.291469 0.661869 0.0742078 0.280313
0 0.166473 0.647758 0.0717324 0.278408
0 0.478429 0.257491 0.0729097 0.268037
0 0.416291 0.39297 0.0734288 0.29322
0 0.972267 0.516447 0.0554661 0.277658
0 0.666169 0.37842 0.0729384 0.277575
0 0.354177 0.524719 0.0725959 0.265108
0 0.290985 0.38905 0.0743945 0.287814
0 0.728131 0.513261 0.0713195 0.277151
0 0.10241 0.501464 0.0729655 0.273387
0 0.228353 0.236671 0.0704772 0.259577
0 0.790749 0.639874 0.0712335 0.26155
0 0.727456 0.246336 0.0702105 0.270522
0 0.353919 0.255311 0.070932 0.26923
0 0.916887 0.623518 0.0722826 0.258053
0 0.919395 0.351593 0.0695033 0.258812
0 0.103261 0.258454 0.0718126 0.255614
0 0.0415788 0.130554 0.0711538 0.258457
0 0.416524 0.129047 0.0721241 0.258094
0 0.166983 0.128536 0.0699625 0.240393
0 0.291772 0.132075 0.071831 0.255659
0 0.666127 0.128779 0.0703208 0.24825
0 0.919427 0.122233 0.0691767 0.230196
0 0.787701 0.125291 0.0711639 0.250581
0 0.417137 0.891832 0.0735302 0.216336
0 0.917959 0.876776 0.0700629 0.241663
0 0.666828 0.873696 0.0688207 0.212936
