0 0.578187 0.0569743 0.0640304 0.0663679
0 0.767719 0.0935639 0.0702572 0.0778041
0 0.522645 0.462861 0.0684562 0.0702124
0 0.702629 0.0543437 0.068632 0.0713326
0 0.82954 0.206753 0.0682564 0.0683985
0 0.0356286 0.527304 0.06976 0.0724372
0 0.960476 0.559036 0.0677787 0.0712508
0 0.211656 0.0640134 0.068699 0.0709057
0 0.282538 0.752915 0.068727 0.0713958
0 0.71786 0.922232 0.0698552 0.0672652
0 0.0833354 0.0706117 0.0667327 0.06602
0 0.640662 0.093696 0.0695024 0.0777691
0 0.949725 0.128594 0.0711488 0.0699246
0 0.829674 0.136078 0.067939 0.0759701
0 0.532746 0.956685 0.0698428 0.0693381
0 0.959908 0.701143 0.0696187 0.0714245
0 0.831779 0.27482 0.0689976 0.0716867
0 0.70404 0.205725 0.0656129 0.0713244
0 0.704228 0.133731 0.066502 0.0731989
0 0.15385 0.318523 0.0710782 0.0777431
0 0.890447 0.171358 0.0669065 0.0753475
0 0.766638 0.241373 0.0690742 0.0704784
0 0.648837 0.532065 0.0693557 0.0702434
0 0.336063 0.0650884 0.0672919 0.0737413
0 0.531297 0.822283 0.0713165 0.0753402
0 0.456539 0.136379 0.0676526 0.0709338
0 0.888641 0.0942039 0.0695781 0.0727943
0 0.960414 0.844019 0.0646243 0.0707105
0 0.582957 0.353485 0.0677768 0.0723404
0 0.517946 0.244856 0.0682114 0.0738394
0 0.455245 0.0608208 0.0673 0.0730872
0 0.702033 0.0111951 0.0658071 0.0223901
0 0.767358 0.459716 0.0679561 0.0673838
0 0.0939944 0.711782 0.0717408 0.0716343
0 0.705812 0.426975 0.0665822 0.0685633
0 0.95726 0.277614 0.0699229 0.0797906
0 0.223759 0.779685 0.0690816 0.0653704
0 0.953324 0.203286 0.0698223 0.0740991
0 0.208844 0.209579 0.0693622 0.0674129
0 0.286813 0.894689 0.0732616 0.0720495
0 0.765091 0.171098 0.069751 0.0724164
0 0.658515 0.956252 0.067059 0.0691684
0 0.78436 0.955156 0.0793953 0.0727725
0 0.644942 0.388904 0.0703766 0.0714183
0 0.515445 0.172127 0.0645431 0.0712479
0 0.825647 0.0580884 0.0671189 0.0714149
0 0.708109 0.497102 0.0672522 0.0700973
0 0.0365905 0.745778 0.0668579 0.0670542
0 0.706285 0.351456 0.0688751 0.0768541
0 0.644221 0.241465 0.0694689 0.0700744
0 0.163175 0.956186 0.0706819 0.0708997
0 0.393943 0.0309449 0.0674888 0.0618898
0 0.895635 0.457501 0.0708034 0.0679115
0 0.765718 0.390508 0.0670063 0.0729968
0 0.21211 0.277936 0.0714906 0.0763187
0 0.517993 0.02943 0.0676161 0.0588601
0 0.341182 0.575493 0.0707282 0.0709771
0 0.897095 0.738074 0.0712233 0.071383
0 0.340807 0.644304 0.0706768 0.0681329
0 0.457138 0.207937 0.067841 0.0705826
0 0.582497 0.283472 0.0685112 0.0654299
0 0.586444 0.498882 0.0687475 0.0665404
0 0.70613 0.279039 0.0668786 0.0683557
0 0.0375163 0.81654 0.0664159 0.0714779
0 0.464083 0.643596 0.0708646 0.0698714
0 0.0350085 0.393613 0.0700171 0.0715618
0 0.0325457 0.0354741 0.0630761 0.0709483
0 0.338408 0.359181 0.0716974 0.0715966
0 0.9064 0.954942 0.0755911 0.0713646
0 0.898217 0.666592 0.0688131 0.069313
0 0.275013 0.395145 0.0714478 0.0679147
0 0.34893 0.86122 0.0753272 0.0688384
0 0.044289 0.961347 0.0720807 0.0732124
0 0.770482 0.529062 0.0689769 0.0693879
0 0.461539 0.35791 0.0692011 0.069922
0 0.0904446 0.426597 0.0729928 0.0706006
0 0.884723 0.0287199 0.0755877 0.0574397
0 0.584381 0.42645 0.069816 0.0713474
0 0.838801 0.705411 0.0681493 0.0703626
0 0.892222 0.242747 0.0671831 0.0687813
0 0.596633 0.921778 0.0739212 0.0662721
0 0.103275 0.924183 0.0694054 0.0712273
0 0.398845 0.320484 0.070303 0.0699291
0 0.644597 0.313851 0.0700645 0.0702839
0 0.400476 0.608882 0.0710276 0.0701878
0 0.958488 0.489492 0.0691116 0.0677764
0 0.47184 0.91953 0.0710374 0.069962
0 0.832627 0.494245 0.0694215 0.068946
0 0.274948 0.464479 0.0680329 0.0688936
0 0.459648 0.285048 0.0680408 0.0719882
0 0.159509 0.605222 0.0718665 0.0717282
0 0.274057 0.0336694 0.072351 0.0653554
0 0.778476 0.671612 0.0767071 0.0686412
0 0.579378 0.013009 0.065593 0.0260181
0 0.95928 0.425096 0.0685344 0.0665692
0 0.0345816 0.683082 0.0691632 0.0679811
0 0.282877 0.610411 0.0699456 0.0683335
0 0.159757 0.674046 0.0733143 0.0700297
0 0.774026 0.60197 0.071481 0.0719328
0 0.462219 0.426981 0.0694074 0.0686972
0 0.103751 0.979779 0.0704478 0.0404414
0 0.409677 0.894262 0.0729942 0.0693702
0 0.224413 0.847269 0.0709083 0.0707501
0 0.279906 0.538259 0.0746882 0.0767839
0 0.64278 0.169402 0.0728461 0.0751249
0 0.646353 0.459115 0.0702274 0.071715
0 0.333678 0.283358 0.0661745 0.0692112
0 0.523096 0.392435 0.0710781 0.0731602
0 0.0415982 0.890172 0.0697359 0.0737877
0 0.347434 0.792986 0.0778115 0.0727745
0 0.901459 0.810204 0.0711454 0.0710826
0 0.220692 0.709271 0.0724515 0.07003
0 0.409311 0.95854 0.0728428 0.0683494
0 0.402659 0.392441 0.0742568 0.0704576
0 0.896357 0.523827 0.0711459 0.0687945
0 0.218935 0.63998 0.0720772 0.068862
0 0.846212 0.918138 0.072324 0.072077
0 0.10161 0.852258 0.0754369 0.0748515
0 0.281427 0.677075 0.0751937 0.0700631
0 0.89877 0.594848 0.0681682 0.0681465
0 0.470978 0.85397 0.0700883 0.0654017
0 0.276355 0.323379 0.0750756 0.0754912
0 0.83665 0.562027 0.0704502 0.0706999
0 0.522492 0.315903 0.0683379 0.0698451
0 0.949732 0.0559947 0.071039 0.0725612
0 0.959219 0.356626 0.0695364 0.0704442
0 0.839567 0.633548 0.0669069 0.0701071
0 0.404402 0.681143 0.074295 0.0734611
0 0.0931034 0.50038 0.0740219 0.0710648
0 0.523182 0.678894 0.0676672 0.0675652
0 0.401294 0.535311 0.0681158 0.0712254
0 0.409115 0.822521 0.0725034 0.073897
0 0.338723 0.427896 0.0745505 0.0688389
0 0.162934 0.886702 0.0726397 0.0722476
0 0.341595 0.498623 0.0730201 0.0737433
0 0.895168 0.314272 0.0712073 0.0747555
0 0.272345 0.176744 0.0679867 0.0679396
0 0.467037 0.710342 0.0751442 0.0679156
0 0.401739 0.460505 0.0725011 0.0690371
0 0.586701 0.709786 0.0677028 0.0703021
0 0.84258 0.846012 0.070518 0.0700518
0 0.0966858 0.570316 0.070837 0.0691116
0 0.469398 0.784795 0.0717495 0.0699255
0 0.273577 0.248039 0.069978 0.0690684
0 0.0275842 0.105645 0.0551683 0.0718071
0 0.225327 0.979532 0.0741638 0.0409358
0 0.710716 0.567348 0.0677123 0.069648
0 0.163653 0.817363 0.0717717 0.0691693
0 0.59047 0.857432 0.0660547 0.0661657
0 0.153798 0.462019 0.0735929 0.0679143
0 0.287586 0.964851 0.0730394 0.0652885
0 0.83793 0.773509 0.0677133 0.0669121
0 0.987625 0.100312 0.0247507 0.0817197
0 0.342379 0.717156 0.0757067 0.0774233
0 0.844459 0.976086 0.0752611 0.0478276
0 0.350115 0.929414 0.0706635 0.0665958
0 0.906123 0.881505 0.0720404 0.0704715
0 0.273508 0.105859 0.0726439 0.0730366
0 0.0339969 0.460631 0.06557 0.0701118
0 0.531246 0.748665 0.0717135 0.0730565
0 0.216956 0.494057 0.0714496 0.0682731
0 0.463388 0.498542 0.0681223 0.0702467
0 0.472007 0.976626 0.0754483 0.0467472
0 0.156107 0.531685 0.0770968 0.0729103
0 0.218795 0.567882 0.0684538 0.0697688
0 0.40823 0.752689 0.0701083 0.0692616
0 0.398779 0.246607 0.07162 0.0742283
0 0.779436 0.738966 0.0753585 0.0688657
0 0.337163 0.01406 0.0645556 0.0281201
0 0.518789 0.0904412 0.069564 0.070179
0 0.224444 0.922288 0.0737727 0.0738556
0 0.216771 0.425718 0.0705492 0.0685282
0 0.768417 0.317097 0.067883 0.0690221
0 0.394608 0.0974768 0.0693206 0.0722487
0 0.897608 0.389123 0.0726019 0.0697399
0 0.149796 0.172931 0.0752788 0.06696
0 0.831898 0.427083 0.07142 0.0684046
0 0.963981 0.921115 0.071335 0.0771275
0 0.0972766 0.640343 0.0740448 0.0728661
0 0.964822 0.97793 0.0645752 0.0430064
0 0.580091 0.211165 0.0694721 0.0743644
0 0.159176 0.743626 0.0790369 0.0706866
0 0.71507 0.705849 0.0766282 0.06972
0 0.349992 0.982306 0.0724484 0.0353886
0 0.597834 0.976327 0.0791618 0.0473454
0 0.214996 0.359554 0.0743304 0.0716058
0 0.949597 0.0119213 0.0708787 0.0238426
0 0.211416 0.0153318 0.0679695 0.0306636
0 0.71265 0.638806 0.0706679 0.0685506
0 0.15165 0.239299 0.0733836 0.0677907
0 0.146829 0.106067 0.0703901 0.0710402
0 0.783973 0.883497 0.0705631 0.068011
0 0.0927068 0.351391 0.0749477 0.0739038
0 0.400305 0.174141 0.071425 0.0690729
0 0.655669 0.890102 0.0717428 0.0674045
0 0.0889083 0.0179458 0.0727731 0.0358916
0 0.780302 0.813264 0.0721918 0.0716307
0 0.585862 0.569273 0.073709 0.074295
0 0.987688 0.0277727 0.0246235 0.0535473
0 0.0190181 0.907983 0.0380363 0.0839179
0 0.0268451 0.176671 0.0517953 0.0684156
0 0.086466 0.9769 0.0874873 0.04528
0 0.473819 0.897821 0.0738266 0.0762053
0 0.0910174 0.279197 0.0747352 0.0797571
0 0.653344 0.669933 0.070992 0.0718675
0 0.0335979 0.323095 0.0659993 0.0694399
0 0.462795 0.573355 0.0700433 0.0700384
0 0.64796 0.399553 0.0690631 0.0651439
