0 0.106876 0.206632 0.0705329 0.0705628
0 0.108069 0.139845 0.0685421 0.0681184
0 0.231385 0.0119784 0.0659848 0.0239568
0 0.0425385 0.102145 0.0747359 0.0798633
0 0.229905 0.352099 0.0718422 0.0734497
0 0.91762 0.95656 0.0682912 0.0716453
0 0.481707 0.781344 0.0706771 0.0773842
0 0.542246 0.465685 0.0705767 0.0738147
0 0.47704 0.0683311 0.0711961 0.0770679
0 0.168206 0.392387 0.0699267 0.0720934
0 0.169513 0.0321971 0.0742126 0.0643943
0 0.107682 0.706509 0.0688432 0.070745
0 0.357437 0.35155 0.0692844 0.0714409
0 0.543965 0.74852 0.068153 0.069839
0 0.295339 0.534839 0.068687 0.0676986
0 0.666508 0.460096 0.072351 0.0737052
0 0.481548 0.642697 0.07274 0.0724156
0 0.543168 0.675705 0.0674083 0.0712385
0 0.107622 0.426317 0.0684838 0.0707296
0 0.666321 0.245181 0.0724378 0.0751314
0 0.482414 0.572114 0.0735837 0.073352
0 0.168152 0.246268 0.0705144 0.0730968
0 0.415725 0.174189 0.0731528 0.0696551
0 0.232777 0.569214 0.0701795 0.0738666
0 0.294652 0.458882 0.0687317 0.0721428
0 0.544735 0.820034 0.0691304 0.0691867
0 0.731345 0.207346 0.0697122 0.0702936
0 0.294248 0.317351 0.0721686 0.0692202
0 0.107197 0.923763 0.0696373 0.0695001
0 0.106225 0.0650182 0.0715745 0.0847304
0 0.481171 0.208114 0.0690466 0.067414
0 0.292604 0.387323 0.0725613 0.0742649
0 0.856025 0.924516 0.0707779 0.0712402
0 0.482011 0.853179 0.0698365 0.0739081
0 0.356957 0.279213 0.0688069 0.0711334
0 0.542238 0.317243 0.0707748 0.077134
0 0.480033 0.502311 0.0725335 0.07854
0 0.353893 0.0663369 0.0740529 0.0795041
0 0.23196 0.495753 0.0703335 0.0743849
0 0.293477 0.818698 0.0721207 0.0728097
0 0.54424 0.959418 0.0696572 0.0687299
0 0.355684 0.424003 0.0704899 0.0720401
0 0.415634 0.106602 0.0719947 0.0731443
0 0.105795 0.85404 0.0721072 0.0756484
0 0.355929 0.782987 0.0717773 0.0746381
0 0.169083 0.675071 0.07024 0.0701003
0 0.730699 0.924669 0.069283 0.0697215
0 0.16923 0.530422 0.0712101 0.0719662
0 0.170118 0.815792 0.0696623 0.0782477
0 0.418202 0.314917 0.0712792 0.0707612
0 0.67099 0.960069 0.0660644 0.0668137
0 0.355208 0.858344 0.0703948 0.0705979
0 0.416802 0.4591 0.0706392 0.0736344
0 0.668878 0.891688 0.0696268 0.0721231
0 0.16845 0.462416 0.0690429 0.0656703
0 0.107674 0.776192 0.0688929 0.0728459
0 0.355774 0.707789 0.0701476 0.0701759
0 0.231882 0.853027 0.0699626 0.0718141
0 0.294631 0.242788 0.0675049 0.0726864
0 0.855567 0.856069 0.0711521 0.0714743
0 0.293021 0.674651 0.0705902 0.0706917
0 0.108374 0.977819 0.0723795 0.0443623
0 0.169352 0.603028 0.0712237 0.0762904
0 0.232227 0.782698 0.0684604 0.0690117
0 0.231303 0.643048 0.0690312 0.070823
0 0.231935 0.708949 0.0697864 0.0700717
0 0.792102 0.958161 0.0708096 0.0709419
0 0.0448163 0.460154 0.069544 0.0685064
0 0.0445855 0.957539 0.0706291 0.073247
0 0.607325 0.925149 0.071074 0.0719635
0 0.416983 0.891533 0.0720475 0.0718423
0 0.107737 0.493278 0.0679727 0.0676876
0 0.355053 0.500883 0.0689975 0.0681695
0 0.293864 0.959416 0.0685709 0.072677
0 0.292435 0.605695 0.0715638 0.0717484
0 0.35395 0.641244 0.0706292 0.0699834
0 0.60571 0.855267 0.0713142 0.0698957
0 0.605602 0.425121 0.070549 0.0714693
0 0.354752 0.924603 0.0712159 0.0713022
0 0.605091 0.496847 0.0708096 0.0739695
0 0.0438912 0.814816 0.071039 0.0829244
0 0.666527 0.172016 0.0726599 0.0737416
0 0.417702 0.821158 0.0728297 0.0751618
0 0.481279 0.27502 0.0700744 0.0720578
0 0.730296 0.855721 0.0719595 0.0713253
0 0.231681 0.923652 0.0711824 0.073072
0 0.0445564 0.52952 0.0705189 0.0766701
0 0.416456 0.674973 0.0719805 0.0707412
0 0.0446343 0.739495 0.0706877 0.0696273
0 0.105607 0.567404 0.0713352 0.0715455
0 0.916913 0.676616 0.0696616 0.0707726
0 0.793126 0.822391 0.0716873 0.0703146
0 0.792669 0.891 0.0717075 0.0717314
0 0.288538 0.0301465 0.0723678 0.0602931
0 0.667352 0.821441 0.0721703 0.0711162
0 0.167874 0.95563 0.0696085 0.0717897
0 0.916969 0.887212 0.0704807 0.0696393
0 0.354842 0.209061 0.0688385 0.0704337
0 0.72977 0.978166 0.0714344 0.0436677
0 0.293604 0.890206 0.0696341 0.0702114
0 0.355769 0.570319 0.0668987 0.0719759
0 0.604626 0.711512 0.0717971 0.0716341
0 0.916472 0.819644 0.0715122 0.0681236
0 0.855217 0.787202 0.0713544 0.0695183
0 0.793549 0.24251 0.0694802 0.070401
0 0.293832 0.742414 0.0689912 0.0689967
0 0.970947 0.919257 0.0581053 0.0735341
0 0.729995 0.786118 0.0725116 0.0711489
0 0.85486 0.279029 0.0696819 0.0747094
0 0.853293 0.351983 0.0732794 0.0718718
0 0.168673 0.887835 0.0714067 0.070437
0 0.478601 0.350367 0.0720323 0.0704929
0 0.481044 0.711144 0.0707442 0.0672884
0 0.792043 0.676643 0.0703821 0.0708745
0 0.105552 0.637293 0.0705716 0.0692478
0 0.544494 0.886541 0.0685349 0.0710368
0 0.416914 0.960572 0.0698615 0.0690969
0 0.664693 0.100658 0.0737131 0.0714234
0 0.603339 0.206821 0.0731292 0.0718781
0 0.970714 0.713219 0.0585724 0.0713801
0 0.0445899 0.888029 0.0685457 0.0711424
0 0.968481 0.206952 0.063038 0.0725359
0 0.852831 0.422632 0.072624 0.0728034
0 0.0443629 0.6815 0.069125 0.0534565
0 0.418433 0.743278 0.0696376 0.0704201
0 0.541743 0.244416 0.0698366 0.071466
0 0.480278 0.925319 0.072211 0.0718517
0 0.602282 0.13527 0.0739787 0.0744305
0 0.96848 0.134927 0.0630401 0.0770972
0 0.540396 0.385146 0.0720198 0.0735833
0 0.915618 0.605715 0.0714139 0.0728608
0 0.790834 0.457139 0.0713651 0.0718375
0 0.730699 0.279138 0.0704302 0.0736122
0 0.417162 0.239728 0.0720019 0.0686704
0 0.85376 0.492648 0.0728385 0.0700419
0 0.730467 0.492521 0.0699003 0.0706567
0 0.41619 0.605739 0.0745327 0.074924
0 0.169971 0.743862 0.0689939 0.071559
0 0.417521 0.38767 0.0702877 0.071431
0 0.603776 0.280054 0.0730038 0.0738313
0 0.730469 0.710282 0.0706166 0.0690186
0 0.791882 0.752048 0.0726471 0.0721641
0 0.792552 0.316559 0.0713924 0.0757266
0 0.0194975 0.862707 0.0379008 0.0746741
0 0.668109 0.74937 0.0702479 0.0763063
0 0.608676 0.980086 0.0753078 0.0398288
0 0.915891 0.534828 0.0722967 0.0699487
0 0.230158 0.282734 0.0728171 0.0693668
0 0.604853 0.785694 0.072099 0.0696959
0 0.791276 0.171386 0.0721976 0.0744778
0 0.853043 0.568212 0.0753292 0.0772123
0 0.851209 0.133557 0.0728904 0.0721844
0 0.853334 0.205985 0.0695384 0.0710983
0 0.538769 0.0300708 0.0776733 0.0601416
0 0.917302 0.74999 0.0709405 0.0754461
0 0.915534 0.458929 0.070497 0.0707471
0 0.91396 0.240242 0.0705879 0.0690241
0 0.479622 0.981192 0.0751154 0.037616
0 0.416768 0.0347501 0.0726645 0.0689519
0 0.479239 0.427918 0.0728409 0.0755714
0 0.788326 0.0311962 0.0779927 0.0623925
0 0.353991 0.979697 0.0736064 0.0406069
0 0.72858 0.422759 0.0722806 0.0737765
0 0.78854 0.100159 0.0747389 0.0724275
0 0.662415 0.0316332 0.0775659 0.0632663
0 0.853828 0.717034 0.072428 0.0705743
0 0.914495 0.387673 0.0724967 0.0757095
0 0.91178 0.0299607 0.0749403 0.0599215
0 0.231782 0.979843 0.0762274 0.0403138
0 0.726353 0.0669992 0.0732051 0.0711158
0 0.970378 0.498932 0.0592443 0.0774083
0 0.916442 0.314097 0.0710328 0.0758331
0 0.789545 0.385289 0.0742476 0.0723076
0 0.91279 0.170291 0.0727761 0.0740023
0 0.852557 0.0616742 0.0729797 0.077605
0 0.971117 0.784857 0.0577663 0.0704212
0 0.969183 0.347193 0.0616335 0.0739081
0 0.791833 0.530002 0.0699513 0.0753932
0 0.967222 0.0626435 0.0655559 0.0788949
0 0.854762 0.644832 0.0712007 0.0726585
0 0.96943 0.426306 0.0611399 0.0747441
0 0.912694 0.0977979 0.0736146 0.0736449
0 0.0422874 0.387714 0.0750038 0.0811601
0 0.60259 0.0618374 0.0724492 0.0748076
0 0.968452 0.278935 0.0628247 0.0763244
0 0.667618 0.680172 0.0700636 0.0698481
0 0.415145 0.535537 0.0753287 0.0707371
0 0.23301 0.210443 0.0695233 0.0730792
0 0.0440488 0.599598 0.0687057 0.0667204
0 0.727686 0.349457 0.0727451 0.0710545
0 0.791773 0.603734 0.0696476 0.073485
0 0.540519 0.172278 0.071378 0.0723147
0 0.968977 0.64 0.0620455 0.0781051
0 0.538393 0.100901 0.0743617 0.0723396
0 0.969434 0.566964 0.0611328 0.0705121
0 0.726032 0.0164607 0.0740569 0.0303056
0 0.601781 0.0136174 0.0707572 0.0270199
0 0.727483 0.137709 0.0718791 0.0710242
0 0.264892 0.966046 0.0607141 0.0671126
0 0.0203348 0.700077 0.039608 0.0617284
0 0.476952 0.0155726 0.0731084 0.0282775
0 0.851707 0.0128999 0.0699112 0.0257999
0 0.968471 0.0129588 0.05918 0.0259175
0 0.28904 0.686262 0.0706407 0.0801482
0 0.352574 0.139563 0.0713823 0.0719569
0 0.854714 0.980612 0.0763013 0.0387768
0 0.0185119 0.928066 0.0367983 0.0701834
0 0.66643 0.388048 0.0709096 0.0755868
0 0.293113 0.173605 0.0665107 0.0694412
0 0.617177 0.97386 0.070616 0.0522803
0 0.150565 0.960172 0.082546 0.0788569
0 0.601899 0.643433 0.0690179 0.0659781
0 0.328997 0.336284 0.115397 0.0907291
0 0.169246 0.101838 0.071225 0.0744106
0 0.168223 0.616691 0.0721501 0.0645034
0 0.1066 0.355602 0.0688184 0.0724229
0 0.167522 0.927657 0.0723506 0.0841348
0 0.970924 0.851069 0.0581524 0.070448
0 0.970666 0.982189 0.0586686 0.035622
0 0.730345 0.645858 0.0699067 0.0680356
0 0.0402111 0.82828 0.0794453 0.0950489
0 0.0388512 0.585283 0.0754144 0.084819
0 0.0345433 0.402509 0.0688447 0.093996
0 0.354098 0.878479 0.0720071 0.0731056
0 0.270081 0.519539 0.117913 0.0903251
0 0.226552 0.553202 0.0894068 0.0877751
0 0.481988 0.62802 0.0733323 0.0686803
0 0.41687 0.619761 0.072392 0.0641294
0 0.606018 0.91164 0.072036 0.0719767
0 0.105764 0.884 0.071186 0.0660516
0 0.107724 0.154242 0.0704881 0.0644231
0 0.184798 0.021737 0.0921862 0.0434739
