0 0.939855 0.246233 0.0784386 0.0782979
0 0.443876 0.249932 0.0726267 0.0757552
0 0.509407 0.783381 0.0730602 0.0730356
0 0.697946 0.821097 0.0722854 0.0731161
0 0.320271 0.613609 0.0724438 0.0723164
0 0.443221 0.68111 0.073095 0.0716405
0 0.0218401 0.581319 0.0436801 0.0693541
0 0.44692 0.822266 0.0715789 0.074137
0 0.32262 0.754295 0.0733104 0.0793898
0 0.577484 0.896402 0.0668837 0.071118
0 0.763086 0.927337 0.0698998 0.0702438
0 0.256757 0.645535 0.0701031 0.0708022
0 0.131935 0.21788 0.0722253 0.0715532
0 0.827312 0.958571 0.0696149 0.0689272
0 0.637613 0.929838 0.0668291 0.0667963
0 0.449907 0.962042 0.0689735 0.0666993
0 0.577479 0.961841 0.066294 0.066149
0 0.890813 0.977505 0.0689045 0.0449907
0 0.38623 0.929845 0.0707109 0.0673466
0 0.13306 0.716148 0.0726689 0.0731692
0 0.257749 0.719948 0.0716274 0.0716358
0 0.886467 0.853005 0.0709662 0.0669003
0 0.134916 0.862484 0.0705518 0.0694187
0 0.888837 0.922332 0.0678427 0.0707444
0 0.95106 0.95833 0.0705645 0.070477
0 0.442775 0.394543 0.0735419 0.0695384
0 0.262808 0.929609 0.0705611 0.069845
0 0.634588 0.643597 0.07042 0.0706649
0 0.697492 0.677457 0.0719237 0.0702064
0 0.381631 0.788392 0.0725356 0.0742512
0 0.701299 0.961076 0.0674434 0.0660956
0 0.573451 0.823677 0.072614 0.0729914
0 0.757286 0.425942 0.0726552 0.070354
0 0.75861 0.642705 0.0709548 0.0706537
0 0.324046 0.895891 0.0694067 0.070417
0 0.325793 0.964144 0.0688778 0.0655214
0 0.632985 0.424866 0.0705531 0.0708488
0 0.260398 0.860449 0.0731806 0.0719752
0 0.380113 0.358274 0.0712953 0.0730152
0 0.0223996 0.723849 0.0447993 0.0752174
0 0.0689618 0.254237 0.0713296 0.0689467
0 0.0694369 0.754979 0.0723853 0.0738645
0 0.825099 0.889884 0.071893 0.0737693
0 0.823136 0.820494 0.0722018 0.068279
0 0.635227 0.788539 0.072885 0.0721302
0 0.875847 0.277675 0.0765955 0.0744078
0 0.98448 0.641031 0.0300896 0.0719841
0 0.94519 0.676321 0.0704877 0.0710196
0 0.19867 0.962309 0.0715461 0.0674531
0 0.195744 0.612479 0.0709692 0.0704262
0 0.320828 0.540646 0.0750369 0.0739279
0 0.0670702 0.324819 0.0736402 0.0732343
0 0.13354 0.506266 0.0737641 0.0738067
0 0.445397 0.613003 0.0717419 0.0709002
0 0.509833 0.645601 0.0727712 0.0698998
0 0.816879 0.174022 0.0717924 0.0696929
0 0.761209 0.710069 0.0706789 0.0696877
0 0.135337 0.935495 0.070407 0.0715451
0 0.133984 0.57759 0.0716819 0.0714095
0 0.752494 0.20892 0.0751083 0.07113
0 0.196986 0.893523 0.0724716 0.0726676
0 0.133769 0.644721 0.0714593 0.0702097
0 0.877385 0.352159 0.0712183 0.0705479
0 0.0696633 0.394282 0.0733252 0.070618
0 0.822294 0.67403 0.073159 0.0717657
0 0.444696 0.542169 0.0725418 0.0744644
0 0.885106 0.707945 0.0702226 0.0712035
0 0.571339 0.462777 0.0734203 0.0761812
0 0.572386 0.610606 0.0713742 0.071625
0 0.318145 0.176775 0.0714285 0.0700717
0 0.383033 0.646875 0.0705006 0.0691674
0 0.567601 0.322473 0.0731801 0.0721874
0 0.256624 0.143631 0.0708337 0.0696671
0 0.382877 0.711484 0.0692052 0.0672133
0 0.507065 0.426016 0.0718057 0.0709319
0 0.319546 0.396024 0.0745526 0.0711317
0 0.193588 0.176138 0.0718182 0.0702384
0 0.193638 0.394833 0.0715688 0.0705519
0 0.383647 0.577241 0.0716503 0.0729256
0 0.573255 0.678608 0.0704328 0.0690926
0 0.569219 0.390997 0.072974 0.0714835
0 0.06889 0.112758 0.0742441 0.0701386
0 0.984934 0.284535 0.0301327 0.0705143
0 0.441511 0.174929 0.0741969 0.0725189
0 0.98574 0.137207 0.0282427 0.0713212
0 0.0727155 0.540339 0.0718614 0.0757577
0 0.760844 0.785741 0.072938 0.0711643
0 0.630532 0.355321 0.073061 0.0717208
0 0.130893 0.143325 0.0726145 0.071656
0 0.570356 0.5399 0.0732872 0.0717025
0 0.132738 0.428327 0.0712104 0.0701765
0 0.948206 0.745008 0.0718193 0.07285
0 0.635489 0.712713 0.0712774 0.0709784
0 0.322122 0.827929 0.0712554 0.071701
0 0.948746 0.887515 0.0737596 0.0758948
0 0.317926 0.323001 0.0740353 0.075701
0 0.87744 0.208008 0.0761096 0.0685692
0 0.943085 0.459718 0.0772737 0.071907
0 0.387722 0.982192 0.0708615 0.0356157
0 0.885261 0.784136 0.0729419 0.0807978
0 0.504155 0.285556 0.0707388 0.0670053
0 0.757201 0.570289 0.0744132 0.0769763
0 0.25596 0.359787 0.0772219 0.0701448
0 0.256983 0.210415 0.0709957 0.069319
0 0.38302 0.429099 0.0702149 0.0706683
0 0.940543 0.037108 0.0853455 0.0742161
0 0.512901 0.982722 0.0743294 0.0345569
0 0.382911 0.505371 0.0730735 0.0721648
0 0.194817 0.756809 0.0739898 0.072845
0 0.948045 0.817862 0.0730883 0.068313
0 0.822346 0.751038 0.071413 0.0721824
0 0.258818 0.792562 0.0737361 0.0724109
0 0.627536 0.208834 0.0737375 0.0707299
0 0.814077 0.242141 0.0760566 0.0703909
0 0.131723 0.359097 0.074881 0.0691803
0 0.194687 0.246594 0.0733314 0.0730166
0 0.0706519 0.181359 0.0714331 0.0714394
0 0.0231036 0.504652 0.0462072 0.0747444
0 0.879281 0.139803 0.0766015 0.0688671
0 0.693859 0.390478 0.0755692 0.0692598
0 0.695293 0.607113 0.0729383 0.0723854
0 0.820084 0.604699 0.0746541 0.0692782
0 0.505128 0.139491 0.0748199 0.0701826
0 0.442043 0.0349218 0.0805905 0.0698437
0 0.0709063 0.0427837 0.0713334 0.0704596
0 0.632811 0.574833 0.0722253 0.0732353
0 0.506462 0.503386 0.0769453 0.0801871
0 0.881693 0.493834 0.0736938 0.0715181
0 0.38005 0.210781 0.0733188 0.069329
0 0.196311 0.681823 0.0711717 0.0697381
0 0.071597 0.467713 0.0731665 0.076363
0 0.317921 0.107406 0.0729785 0.0705647
0 0.572592 0.752483 0.0723652 0.0748833
0 0.69404 0.459146 0.0732148 0.0698152
0 0.820017 0.459323 0.0715449 0.068877
0 0.19472 0.541925 0.0728034 0.075537
0 0.0217984 0.43623 0.0435967 0.0757435
0 0.0702478 0.678095 0.0738176 0.0718257
0 0.819185 0.536234 0.0735343 0.0729461
0 0.94269 0.173183 0.0752754 0.0735661
0 0.379237 0.141491 0.0762271 0.0707424
0 0.509924 0.715876 0.0714523 0.0717232
0 0.945025 0.534612 0.0739117 0.0697097
0 0.690111 0.102555 0.0719762 0.0683646
0 0.565364 0.245901 0.0767121 0.0742151
0 0.694147 0.534528 0.0764025 0.0771222
0 0.690673 0.173135 0.0777724 0.0719798
0 0.879969 0.424597 0.0719078 0.0707679
0 0.985611 0.569395 0.0287776 0.0732942
0 0.883758 0.63921 0.0706146 0.0721754
0 0.566825 0.173717 0.0778618 0.0717941
0 0.442515 0.103018 0.074408 0.0739424
0 0.320632 0.468999 0.0748223 0.073348
0 0.697822 0.751448 0.072963 0.0701461
0 0.81834 0.390737 0.0779148 0.0709729
0 0.129241 0.0726594 0.0729397 0.0731595
0 0.944065 0.102994 0.0741048 0.0699168
0 0.945367 0.602972 0.0738885 0.0742795
0 0.5047 0.215492 0.0730714 0.0732069
0 0.758403 0.493989 0.0717304 0.067557
0 0.195565 0.467884 0.0720733 0.0703518
0 0.315754 0.0352814 0.0711293 0.0639028
0 0.688228 0.0349277 0.0803015 0.0698553
0 0.881727 0.569895 0.0737305 0.0699738
0 0.257688 0.57711 0.0742434 0.0693169
0 0.256865 0.505133 0.0749667 0.0757318
0 0.194202 0.325506 0.0741379 0.0691074
0 0.752863 0.136447 0.0767254 0.0709818
0 0.19223 0.108765 0.074996 0.0694569
0 0.256491 0.430873 0.0726175 0.0696886
0 0.755021 0.284378 0.0731616 0.071806
0 0.754191 0.355662 0.0726433 0.0690536
0 0.633691 0.501259 0.0708692 0.0761002
0 0.81383 0.0360084 0.0816417 0.0720168
0 0.628651 0.139061 0.0743897 0.0695444
0 0.984216 0.209698 0.0314361 0.0707055
0 0.255495 0.28704 0.0742247 0.0728139
0 0.254438 0.0731486 0.0724363 0.075672
0 0.0710236 0.612194 0.0710119 0.0689099
0 0.565142 0.0359933 0.0789987 0.0719821
0 0.444337 0.467771 0.0752838 0.0768992
0 0.022599 0.791374 0.045198 0.0714324
0 0.262391 0.982844 0.0726736 0.0343124
0 0.816733 0.104839 0.0759401 0.0721476
0 0.62852 0.284074 0.0760534 0.0742774
0 0.691714 0.319783 0.0728314 0.0708277
0 0.566927 0.103145 0.072536 0.0694581
0 0.690875 0.24744 0.0746617 0.0733396
0 0.378999 0.066801 0.0748383 0.0710837
0 0.0226023 0.219677 0.0452046 0.0694079
0 0.986106 0.0705449 0.0277874 0.0722664
0 0.507942 0.577291 0.0759463 0.0700641
0 0.128939 0.0181831 0.0646379 0.0363662
0 0.317643 0.249228 0.0745927 0.0714132
0 0.383158 0.859935 0.0719894 0.0709565
0 0.187974 0.0385461 0.083877 0.0760411
0 0.81612 0.318301 0.0729756 0.0731492
0 0.021099 0.289778 0.042198 0.0733266
0 0.254684 0.0189721 0.0695325 0.0379443
0 0.879797 0.069444 0.0743793 0.0724422
0 0.505406 0.0681674 0.0729109 0.0708095
0 0.505657 0.355239 0.0765404 0.072726
0 0.940372 0.389258 0.0782975 0.0718338
0 0.638371 0.980469 0.0726843 0.0390615
0 0.636227 0.859172 0.0662909 0.0696565
0 0.505343 0.017487 0.073746 0.0330776
0 0.628011 0.0158341 0.0681033 0.0316682
0 0.752498 0.0677869 0.0740538 0.0710194
0 0.627899 0.0687288 0.0727603 0.0698243
0 0.753255 0.0143801 0.0694768 0.0287601
0 0.0211516 0.0760004 0.0423031 0.0777929
0 0.377651 0.0177814 0.0760922 0.0337488
0 0.761213 0.857538 0.0717831 0.0727791
0 0.987761 0.855815 0.0240916 0.0733885
0 0.763832 0.980989 0.0733775 0.0380211
0 0.0734803 0.967893 0.0704365 0.0642134
0 0.512868 0.928887 0.072309 0.0704255
0 0.985256 0.0174749 0.029488 0.0349499
0 0.987004 0.714873 0.0259924 0.0647243
0 0.0221633 0.151222 0.0443266 0.0713247
0 0.0686334 0.827156 0.0697646 0.0685052
0 0.877638 0.0168694 0.0743142 0.0323339
0 0.983841 0.424501 0.0321813 0.0752974
0 0.987798 0.786488 0.0244046 0.073606
0 0.98639 0.501612 0.0272191 0.0717431
0 0.0198675 0.363645 0.0397349 0.0713394
0 0.135872 0.986272 0.0682125 0.0274565
0 0.98485 0.350347 0.0302991 0.0675153
0 0.381091 0.286077 0.0750904 0.073847
0 0.194207 0.824117 0.0729178 0.0660152
0 0.0240126 0.0175346 0.0463977 0.0350693
0 0.832843 0.948475 0.0724638 0.0809822
0 0.667633 0.971628 0.0558841 0.0560579
0 0.988242 0.925186 0.0215136 0.0726352
0 0.934623 0.962442 0.0840614 0.0751165
0 0.259259 0.845552 0.0746104 0.0770297
0 0.633248 0.984159 0.0671034 0.0316823
0 0.256498 0.0884346 0.0688217 0.0612844
0 0.984684 0.940595 0.0306315 0.0835872
0 0.975707 0.970372 0.0485867 0.0592564
0 0.634411 0.589608 0.0704974 0.0614231
0 0.689193 0.961218 0.0611483 0.0583801
0 0.602933 0.880258 0.0599902 0.0775088
0 0.815865 0.123401 0.0730964 0.0665102
0 0.362773 0.973893 0.0939445 0.0512099
