0 0.453199 0.90687 0.0683565 0.0740175
0 0.639809 0.938007 0.0696709 0.077019
0 0.516391 0.941034 0.0683377 0.0708902
0 0.140953 0.896386 0.0679684 0.0680661
0 0.578111 0.967607 0.0662041 0.0647857
0 0.699886 0.967854 0.0728111 0.0628948
0 0.574768 0.899181 0.0700043 0.0672712
0 0.393005 0.950542 0.0693094 0.071244
0 0.455471 0.973094 0.069913 0.053556
0 0.38258 0.877296 0.0788412 0.0818933
0 0.328719 0.921429 0.0684604 0.0716541
0 0.511923 0.867272 0.0684142 0.0676711
0 0.693836 0.75305 0.0705378 0.0673785
0 0.702348 0.900677 0.0701525 0.072412
0 0.449349 0.837844 0.0712363 0.0694529
0 0.264218 0.889204 0.0685297 0.0747136
0 0.204421 0.926322 0.0670823 0.0689764
0 0.0255797 0.907838 0.0511594 0.0706493
0 0.0831662 0.933286 0.0706287 0.0759006
0 0.833367 0.967072 0.072422 0.0630478
0 0.202056 0.857887 0.067944 0.0722827
0 0.695017 0.826543 0.0691034 0.0734808
0 0.271223 0.960437 0.0685164 0.0728234
0 0.333952 0.977771 0.0733159 0.0442946
0 0.147257 0.964486 0.0691034 0.0682818
0 0.755264 0.716937 0.0754623 0.0760765
0 0.573313 0.835927 0.0704842 0.0656627
0 0.771611 0.984252 0.0649068 0.0314964
0 0.209795 0.980128 0.0675152 0.0397441
0 0.210173 0.915103 0.0747191 0.0856128
0 0.0299839 0.967859 0.0589896 0.0640428
0 0.321905 0.845588 0.069958 0.07511
0 0.53103 0.946997 0.0886168 0.0813119
0 0.517231 0.98771 0.0660665 0.0245794
0 0.0787665 0.864645 0.0668786 0.0697927
0 0.536419 0.933176 0.0833536 0.0866666
0 0.33955 0.916324 0.0803009 0.0812223
0 0.139619 0.832309 0.0691465 0.0667862
0 0.383952 0.892714 0.0761929 0.0928242
0 0.363788 0.795271 0.077737 0.079772
0 0.446121 0.77174 0.06894 0.067331
0 0.640298 0.987039 0.0667722 0.0259211
0 0.50976 0.80428 0.0676031 0.0649472
0 0.830389 0.897153 0.0732296 0.0749123
0 0.0873043 0.984603 0.0675234 0.0307937
0 0.630218 0.717839 0.0715694 0.0739584
0 0.415422 0.940331 0.091267 0.0925214
0 0.0327177 0.892233 0.0599285 0.0773805
0 0.256026 0.898905 0.0779833 0.0835984
0 0.684152 0.962161 0.0716324 0.0717818
0 0.0177601 0.0246692 0.0353334 0.0483354
0 0.394519 0.962298 0.0684329 0.0684603
0 0.260168 0.808458 0.069726 0.077569
