0 0.759407 0.809636 0.0739578 0.0749373
0 0.515972 0.959352 0.0693855 0.0721923
0 0.0283279 0.892425 0.0566559 0.0739208
0 0.744225 0.522652 0.0741745 0.0736654
0 0.129285 0.416751 0.068276 0.0676155
0 0.329023 0.847808 0.0658878 0.0713565
0 0.500076 0.341687 0.0698855 0.0738238
0 0.506198 0.523172 0.0685143 0.071335
0 0.0689033 0.453825 0.0678303 0.0699204
0 0.749306 0.405715 0.0779042 0.0759568
0 0.874938 0.405689 0.0756738 0.0750519
0 0.0841384 0.925535 0.0723007 0.0724316
0 0.822589 0.915884 0.0733368 0.0740952
0 0.0742734 0.563699 0.0703203 0.0777693
0 0.68087 0.5626 0.068784 0.0688955
0 0.879301 0.595314 0.0702226 0.0746882
0 0.18154 0.170948 0.067454 0.0684884
0 0.451766 0.921927 0.06914 0.0737159
0 0.390012 0.884344 0.0668405 0.0694788
0 0.446267 0.557471 0.0728338 0.0730412
0 0.329878 0.923707 0.0657275 0.0716538
0 0.0754849 0.705992 0.0712728 0.0719171
0 0.944182 0.693717 0.0721388 0.0816662
0 0.981507 0.404253 0.0369866 0.0703022
0 0.144189 0.96049 0.0678608 0.0670781
0 0.565563 0.557564 0.0742847 0.068746
0 0.696219 0.848827 0.0732615 0.0705714
0 0.93772 0.555527 0.0737855 0.0774028
0 0.696263 0.917714 0.0724413 0.0701498
0 0.692167 0.773207 0.0759339 0.0706184
0 0.88116 0.800403 0.0707049 0.0699537
0 0.628698 0.663229 0.0729194 0.0732715
0 0.758827 0.952909 0.0715396 0.0736898
0 0.392059 0.955323 0.0677336 0.0718424
0 0.946786 0.832606 0.0745528 0.0718417
0 0.627775 0.734061 0.0698202 0.0716617
0 0.744949 0.337079 0.0706184 0.0680218
0 0.254917 0.415815 0.0703915 0.0699395
0 0.887096 0.950216 0.0728202 0.0763042
0 0.623917 0.408691 0.0727522 0.0768447
0 0.511829 0.885735 0.070926 0.0717272
0 0.56293 0.237191 0.0746633 0.0702553
0 0.07505 0.637088 0.0716781 0.0748304
0 0.0235955 0.520636 0.047191 0.0790511
0 0.976042 0.0442542 0.0479156 0.0638
0 0.509581 0.80854 0.0695244 0.0732901
0 0.502277 0.271043 0.0704644 0.0697798
0 0.925121 0.0258206 0.070747 0.0516412
0 0.206635 0.981882 0.0666675 0.0362366
0 0.246164 0.135295 0.0704063 0.0728524
0 0.0242198 0.600164 0.0484396 0.0821264
0 0.682141 0.16063 0.078177 0.0784912
0 0.136156 0.596703 0.0731486 0.0728061
0 0.269921 0.96031 0.0733738 0.0741839
0 0.568404 0.769061 0.0692495 0.0699718
0 0.327941 0.777783 0.0659993 0.0665514
0 0.985641 0.736103 0.0283921 0.0720899
0 0.19674 0.702876 0.0698844 0.0693125
0 0.924956 0.085242 0.068518 0.0673191
0 0.266411 0.810933 0.0695155 0.0734034
0 0.684577 0.299579 0.0738029 0.0687124
0 0.442527 0.630473 0.0719221 0.0697826
0 0.137435 0.671331 0.0694384 0.0732337
0 0.977763 0.120519 0.044474 0.0688304
0 0.951323 0.974384 0.0686979 0.0509392
0 0.949605 0.911399 0.0729755 0.0751443
0 0.805137 0.161979 0.0686731 0.072563
0 0.493505 0.0545883 0.0734131 0.0722935
0 0.983781 0.592746 0.0324376 0.06652
0 0.802461 0.0891564 0.0671966 0.0685271
0 0.367741 0.0594161 0.0697778 0.0737234
0 0.745805 0.197577 0.0655482 0.0704801
0 0.696456 0.975453 0.0718484 0.0488
0 0.685716 0.233468 0.0712764 0.0676105
0 0.866446 0.19295 0.068002 0.0670059
0 0.307532 0.100319 0.0703526 0.0730028
0 0.625837 0.268977 0.0762534 0.0698051
0 0.980417 0.266928 0.0391661 0.0717628
0 0.500625 0.202034 0.0713761 0.0692441
0 0.869282 0.265009 0.072631 0.0697309
0 0.613927 0.122543 0.0687253 0.0708524
0 0.374922 0.271537 0.0783143 0.0700904
0 0.622454 0.199387 0.0733333 0.0713875
0 0.823385 0.843375 0.0699127 0.0759401
0 0.440244 0.23675 0.0785043 0.070861
0 0.93565 0.299704 0.0738873 0.0683655
0 0.263901 0.740157 0.0697247 0.0698653
0 0.503219 0.666098 0.0693334 0.0740532
0 0.864501 0.122743 0.0691608 0.0707929
0 0.558496 0.165789 0.0711286 0.0724015
0 0.873952 0.332454 0.0764318 0.0691894
0 0.862433 0.0523869 0.0678535 0.0686833
0 0.205074 0.849758 0.0695756 0.0772438
0 0.81081 0.372322 0.075217 0.0723538
0 0.185506 0.101339 0.0714173 0.0732736
0 0.269538 0.890389 0.0722248 0.0761174
0 0.80251 0.0281525 0.0686567 0.056305
0 0.928759 0.157113 0.0703638 0.0695571
0 0.123386 0.204247 0.0703829 0.0702089
0 0.932908 0.230936 0.0750275 0.0725057
0 0.0619392 0.171942 0.0717435 0.0703124
0 0.81168 0.560128 0.0798528 0.0722867
0 0.0221251 0.422055 0.0442502 0.0734767
0 0.884662 0.878247 0.0723228 0.0711188
0 0.0650493 0.239401 0.070759 0.0690751
0 0.806365 0.23303 0.0719519 0.070037
0 0.980431 0.336468 0.0391374 0.0665678
0 0.246184 0.0624175 0.0696037 0.07205
0 0.438926 0.167153 0.0726016 0.0721927
0 0.191221 0.383589 0.0743701 0.0707427
0 0.449231 0.848698 0.0708544 0.0752084
0 0.936353 0.367045 0.0757184 0.0705284
0 0.308482 0.170354 0.071697 0.0683498
0 0.441743 0.379621 0.0705284 0.0725552
0 0.552336 0.0894142 0.0676463 0.0663216
0 0.429693 0.0303322 0.0688834 0.0606644
0 0.308014 0.0302962 0.0723494 0.0605924
0 0.315951 0.382416 0.0741711 0.0731658
0 0.497032 0.128821 0.0686463 0.0712707
0 0.0215899 0.349148 0.0431799 0.0747266
0 0.553102 0.0295586 0.0680735 0.0591172
0 0.374796 0.201577 0.0783888 0.071876
0 0.388583 0.815321 0.0661397 0.0658165
0 0.742303 0.0547987 0.0715604 0.0670242
0 0.0602115 0.0349166 0.0813554 0.0698333
0 0.0706136 0.386892 0.0716416 0.0707831
0 0.683614 0.446621 0.0715033 0.0759125
0 0.438777 0.303696 0.0764989 0.069391
0 0.123234 0.273352 0.0681073 0.0690756
0 0.18552 0.0309335 0.0759972 0.061867
0 0.560234 0.373755 0.0701659 0.0705504
0 0.0679412 0.309842 0.0716387 0.0689334
0 0.0589655 0.100729 0.0680728 0.0646587
0 0.254175 0.346589 0.0757516 0.0772405
0 0.3327 0.979064 0.0704883 0.0418711
0 0.378952 0.34619 0.0726074 0.0712343
0 0.681491 0.0303306 0.076673 0.0606613
0 0.745365 0.121499 0.0694263 0.0725714
0 0.432864 0.0954737 0.0714513 0.0710496
0 0.752108 0.735442 0.0731544 0.0709388
0 0.0213085 0.280548 0.042617 0.0709319
0 0.371906 0.13057 0.0700593 0.0675472
0 0.0195 0.210169 0.039 0.070033
0 0.314307 0.306532 0.0726861 0.0674648
0 0.12422 0.134644 0.0733079 0.0695918
0 0.979857 0.191618 0.0402856 0.0730205
0 0.810619 0.300232 0.0745342 0.0690104
0 0.0170384 0.139003 0.0340767 0.0722359
0 0.246559 0.0127555 0.0632266 0.025511
0 0.818811 0.629358 0.0724723 0.0729048
0 0.186351 0.315085 0.0766802 0.0747241
0 0.129053 0.348594 0.0702116 0.0712177
0 0.625554 0.594998 0.0703006 0.0703037
0 0.0168298 0.0680975 0.0336595 0.0674495
0 0.12418 0.0665851 0.0730461 0.070368
0 0.315024 0.452461 0.072144 0.0716186
0 0.380206 0.416322 0.0729828 0.0703272
0 0.560811 0.450285 0.0743082 0.0737216
0 0.987984 0.955095 0.0230601 0.0697176
0 0.936791 0.441047 0.0786476 0.0744171
0 0.98669 0.79904 0.0266196 0.0656075
0 0.396804 0.942795 0.0742489 0.0884104
0 0.310642 0.238042 0.0756128 0.0710273
0 0.126226 0.014092 0.0705356 0.0281841
0 0.632377 0.881358 0.0747697 0.074914
0 0.749299 0.666262 0.0764744 0.0720718
0 0.984031 0.663523 0.031527 0.0712234
0 0.024308 0.809091 0.048616 0.0641828
0 0.0849693 0.979706 0.0688623 0.0405879
0 0.378684 0.526099 0.0734937 0.0644996
0 0.880662 0.732084 0.0749044 0.0737855
0 0.0158616 0.0176585 0.0317231 0.0353171
0 0.38264 0.595619 0.0712138 0.0713942
0 0.86339 0.0110822 0.0649585 0.0221644
0 0.988018 0.883874 0.0239642 0.0844009
0 0.810517 0.44254 0.0770957 0.0749036
0 0.569209 0.700421 0.072098 0.0744362
0 0.56978 0.983735 0.0538554 0.0325295
0 0.253431 0.272061 0.0710358 0.0703382
0 0.145988 0.888734 0.0654964 0.0721819
0 0.743063 0.0116755 0.0639249 0.023351
0 0.272227 0.798585 0.0774341 0.0864208
0 0.624435 0.528863 0.0668641 0.0665574
0 0.445952 0.933058 0.0767778 0.0884261
0 0.926678 0.952305 0.0981976 0.0858061
0 0.493593 0.0127494 0.067861 0.0254988
0 0.370105 0.0129723 0.0680556 0.0259447
0 0.521226 0.971237 0.0790305 0.0575256
0 0.197153 0.636967 0.065428 0.0688663
0 0.0223305 0.498741 0.0446611 0.0824807
0 0.975899 0.0207302 0.0469266 0.0414604
0 0.0746695 0.663829 0.0727157 0.0655628
0 0.134882 0.524606 0.0734274 0.0695304
0 0.324194 0.703215 0.0680945 0.0702239
