0 0.921875 0.22265625 0.0703125 0.0703125
0 0.92578125 0.296875 0.0703125 0.0703125
0 0.9375 0.4375 0.0703125 0.0703125
0 0.9296875 0.50390625 0.0703125 0.0703125
0 0.9375 0.5859375 0.0703125 0.0703125
0 0.9296875 0.64453125 0.0703125 0.0703125
0 0.93359375 0.73046875 0.0703125 0.0703125
0 0.9296875 0.796875 0.0703125 0.0703125
0 0.9375 0.859375 0.0703125 0.0703125
0 0.8125 0.86328125 0.0703125 0.0703125
0 0.875 0.8203125 0.0703125 0.0703125
0 0.87890625 0.8984375 0.0703125 0.0703125
0 0.87109375 0.6796875 0.0703125 0.0703125
0 0.87109375 0.75390625 0.0703125 0.0703125
0 0.86328125 0.6171875 0.0703125 0.0703125
0 0.87109375 0.55078125 0.0703125 0.0703125
0 0.87109375 0.47265625 0.0703125 0.0703125
0 0.86328125 0.41015625 0.0703125 0.0703125
0 0.86328125 0.31640625 0.0703125 0.0703125
0 0.85546875 0.25 0.0703125 0.0703125
0 0.8671875 0.18359375 0.0703125 0.0703125
0 0.8515625 0.109375 0.0703125 0.0703125
0 0.79296875 0.14453125 0.0703125 0.0703125
0 0.796875 0.2265625 0.0703125 0.0703125
0 0.8046875 0.4453125 0.0703125 0.0703125
0 0.80859375 0.515625 0.0703125 0.0703125
0 0.80859375 0.64453125 0.0703125 0.0703125
0 0.8046875 0.578125 0.0703125 0.0703125
0 0.7421875 0.46484375 0.0703125 0.0703125
0 0.74609375 0.53515625 0.0703125 0.0703125
0 0.7421875 0.58984375 0.0703125 0.0703125
0 0.75390625 0.66796875 0.0703125 0.0703125
0 0.6953125 0.77734375 0.0703125 0.0703125
0 0.6875 0.703125 0.0703125 0.0703125
0 0.6953125 0.640625 0.0703125 0.0703125
0 0.68359375 0.5703125 0.0703125 0.0703125
0 0.6796875 0.47265625 0.0703125 0.0703125
0 0.68359375 0.27734375 0.0703125 0.0703125
0 0.67578125 0.21875 0.0703125 0.0703125
0 0.625 0.3203125 0.0703125 0.0703125
0 0.62109375 0.39453125 0.0703125 0.0703125
0 0.6171875 0.46484375 0.0703125 0.0703125
0 0.625 0.59375 0.0703125 0.0703125
0 0.62890625 0.671875 0.0703125 0.0703125
0 0.625 0.7421875 0.0703125 0.0703125
0 0.62890625 0.8125 0.0703125 0.0703125
0 0.62109375 0.89453125 0.0703125 0.0703125
0 0.69140625 0.921875 0.0703125 0.0703125
0 0.75390625 0.87890625 0.0703125 0.0703125
0 0.75 0.80859375 0.0703125 0.0703125
0 0.75 0.734375 0.0703125 0.0703125
0 0.4921875 0.1640625 0.0703125 0.0703125
0 0.609375 0.16015625 0.0703125 0.0703125
0 0.609375 0.25390625 0.0703125 0.0703125
0 0.55859375 0.36328125 0.0703125 0.0703125
0 0.5625 0.43359375 0.0703125 0.0703125
0 0.55859375 0.5078125 0.0703125 0.0703125
0 0.5625 0.640625 0.0703125 0.0703125
0 0.5625 0.70703125 0.0703125 0.0703125
0 0.55859375 0.77734375 0.0703125 0.0703125
0 0.5625 0.84765625 0.0703125 0.0703125
0 0.50390625 0.87890625 0.0703125 0.0703125
0 0.5 0.8203125 0.0703125 0.0703125
0 0.5 0.7421875 0.0703125 0.0703125
0 0.50390625 0.66796875 0.0703125 0.0703125
0 0.5 0.6015625 0.0703125 0.0703125
0 0.4296875 0.12890625 0.0703125 0.0703125
0 0.3671875 0.1640625 0.0703125 0.0703125
0 0.30078125 0.1328125 0.0703125 0.0703125
0 0.30078125 0.203125 0.0703125 0.0703125
0 0.30859375 0.2734375 0.0703125 0.0703125
0 0.3671875 0.30859375 0.0703125 0.0703125
0 0.4921875 0.3984375 0.0703125 0.0703125
0 0.4296875 0.4375 0.0703125 0.0703125
0 0.375 0.46875 0.0703125 0.0703125
0 0.30859375 0.50390625 0.0703125 0.0703125
0 0.3046875 0.41796875 0.0703125 0.0703125
0 0.375 0.3984375 0.0703125 0.0703125
0 0.3046875 0.33203125 0.0703125 0.0703125
0 0.24609375 0.234375 0.0703125 0.0703125
0 0.25 0.3125 0.0703125 0.0703125
0 0.23828125 0.3828125 0.0703125 0.0703125
0 0.25390625 0.47265625 0.0703125 0.0703125
0 0.25 0.53125 0.0703125 0.0703125
0 0.24609375 0.609375 0.0703125 0.0703125
0 0.3125 0.578125 0.0703125 0.0703125
0 0.37109375 0.54296875 0.0703125 0.0703125
0 0.4375 0.51171875 0.0703125 0.0703125
0 0.4375 0.6015625 0.0703125 0.0703125
0 0.44140625 0.7109375 0.0703125 0.0703125
0 0.37890625 0.8203125 0.0703125 0.0703125
0 0.375 0.74609375 0.0703125 0.0703125
0 0.375 0.67578125 0.0703125 0.0703125
0 0.375 0.6328125 0.0703125 0.0703125
0 0.3125 0.66015625 0.0703125 0.0703125
0 0.31640625 0.7109375 0.0703125 0.0703125
0 0.3203125 0.7734375 0.0703125 0.0703125
0 0.31640625 0.85546875 0.0703125 0.0703125
0 0.44140625 0.84765625 0.0703125 0.0703125
0 0.4453125 0.7734375 0.0703125 0.0703125
0 0.25 0.7421875 0.0703125 0.0703125
0 0.2578125 0.89453125 0.0703125 0.0703125
0 0.19140625 0.859375 0.0703125 0.0703125
0 0.1953125 0.65234375 0.0703125 0.0703125
0 0.19140625 0.578125 0.0703125 0.0703125
0 0.1953125 0.51171875 0.0703125 0.0703125
0 0.12890625 0.46484375 0.0703125 0.0703125
0 0.1875 0.421875 0.0703125 0.0703125
0 0.19140625 0.34765625 0.0703125 0.0703125
0 0.1875 0.27734375 0.0703125 0.0703125
0 0.12890625 0.7578125 0.0703125 0.0703125
0 0.125 0.68359375 0.0703125 0.0703125
0 0.1171875 0.6015625 0.0703125 0.0703125
0 0.12109375 0.53515625 0.0703125 0.0703125
0 0.05859375 0.58984375 0.0703125 0.0703125
0 0.05859375 0.65625 0.0703125 0.0703125
0 0.06640625 0.71875 0.0703125 0.0703125
0 0.0703125 0.7890625 0.0703125 0.0703125
0 0.07421875 0.859375 0.0703125 0.0703125
0 0.07421875 0.9375 0.0703125 0.0703125
0 0.19921875 0.93359375 0.0703125 0.0703125
0 0.1328125 0.89453125 0.0703125 0.0703125
0 0.19140625 0.7109375 0.0703125 0.0703125
0 0.50390625 0.9609375 0.0703125 0.0703125
0 0.31640625 0.92578125 0.0703125 0.0703125
0 0.93359375 0.9375 0.0703125 0.0703125
