0 0.0626276 0.742102 0.0721567 0.0737422
0 0.0506806 0.526674 0.0729403 0.0738258
0 0.103521 0.188507 0.0698661 0.0683488
0 0.0457151 0.296132 0.0682388 0.0720625
0 0.105894 0.330368 0.0663114 0.0657832
0 0.47682 0.319033 0.0715394 0.07157
0 0.046546 0.364716 0.0683555 0.0707774
0 0.353971 0.323701 0.0722762 0.0750898
0 0.0436949 0.223114 0.0699123 0.0709201
0 0.164884 0.152787 0.0728006 0.0749597
0 0.190929 0.960041 0.0750407 0.0670891
0 0.84384 0.950937 0.0667884 0.0612597
0 0.471924 0.177555 0.0727351 0.0685174
0 0.185802 0.818841 0.0732676 0.0731473
0 0.164316 0.0815142 0.071407 0.0697986
0 0.186029 0.741111 0.0760364 0.0717583
0 0.285961 0.081134 0.0754402 0.0676836
0 0.350878 0.0441495 0.0706434 0.0663074
0 0.12696 0.9258 0.0756368 0.0689633
0 0.0404671 0.0270823 0.0725279 0.0541645
0 0.0430791 0.0835519 0.0692103 0.06792
0 0.438884 0.956616 0.0779826 0.070816
0 0.371353 0.703559 0.0759087 0.0695813
0 0.313663 0.957387 0.0767915 0.0695678
0 0.225748 0.114267 0.072023 0.0701955
0 0.102965 0.049044 0.0718442 0.0702992
0 0.224282 0.0478963 0.0708782 0.0686729
0 0.103772 0.115131 0.070841 0.0689881
0 0.493408 0.70202 0.0719601 0.0707312
0 0.250091 0.704292 0.078052 0.0744095
0 0.499717 0.920156 0.0728481 0.0697728
0 0.476419 0.246435 0.0726376 0.0714201
0 0.529614 0.0748623 0.0675938 0.069889
0 0.350238 0.11177 0.0725223 0.0704263
0 0.411133 0.145148 0.0704129 0.0693088
0 0.185141 0.671179 0.0745986 0.0701489
0 0.432549 0.737344 0.071496 0.0714165
0 0.0644677 0.959394 0.0743594 0.0696222
0 0.285845 0.0249606 0.0714369 0.0499212
0 0.471584 0.109677 0.072558 0.0700944
0 0.469153 0.0426747 0.0675762 0.0676164
0 0.435958 0.668277 0.0704589 0.0689216
0 0.289594 0.148149 0.0711298 0.0680159
0 0.229234 0.3264 0.0706252 0.0741276
0 0.227927 0.187863 0.0720295 0.0675314
0 0.410934 0.0775684 0.0706204 0.0671741
0 0.289958 0.29004 0.073369 0.0708399
0 0.0427426 0.152809 0.069712 0.0729251
0 0.37696 0.921563 0.0756994 0.069276
0 0.304691 0.524859 0.0683591 0.0669377
0 0.415321 0.287401 0.073333 0.0709386
0 0.494966 0.771798 0.0715925 0.0704746
0 0.11915 0.563441 0.0761699 0.0694335
0 0.350991 0.179651 0.0703222 0.0674491
0 0.497706 0.846478 0.0696548 0.0703719
0 0.411951 0.213999 0.0743206 0.0697068
0 0.407607 0.0213484 0.0714557 0.0421564
0 0.123558 0.781678 0.0753176 0.0771921
0 0.121426 0.705567 0.0778467 0.0729392
0 0.434042 0.599228 0.0688629 0.0697291
0 0.90191 0.972577 0.0682349 0.0548466
0 0.289582 0.221456 0.0721794 0.0698328
0 0.186605 0.598124 0.0744174 0.0739539
0 0.104778 0.259812 0.0681345 0.0724452
0 0.017822 0.78111 0.0356439 0.0704172
0 0.493243 0.563075 0.0676764 0.0678034
0 0.436025 0.812347 0.0734028 0.0719795
0 0.0171273 0.707005 0.0342545 0.0723319
0 0.351826 0.253358 0.0720048 0.0750101
0 0.558937 0.955312 0.0695877 0.0708377
0 0.438571 0.883821 0.0728413 0.073359
0 0.37544 0.978171 0.0749372 0.0436589
0 0.494698 0.629404 0.0670106 0.0688288
0 0.242736 0.556019 0.0705206 0.0693159
0 0.163629 0.0238164 0.0668491 0.0476328
0 0.169542 0.360542 0.0689725 0.0695583
0 0.246082 0.627101 0.0712477 0.0713676
0 0.181182 0.524894 0.0683717 0.06804
0 0.371507 0.771347 0.074667 0.0692472
0 0.251375 0.978521 0.0722044 0.0429583
0 0.49958 0.976807 0.0755352 0.046386
0 0.309505 0.667826 0.0709101 0.0714087
0 0.376627 0.847763 0.0718378 0.0731366
0 0.25463 0.922549 0.0732341 0.0673373
0 0.43215 0.525679 0.0699757 0.074493
0 0.0657267 0.891665 0.071448 0.0691044
0 0.0122853 0.323865 0.0245706 0.0738644
0 0.78496 0.975004 0.0700436 0.0496216
0 0.020645 0.929844 0.04129 0.0699127
0 0.65991 0.976499 0.0723128 0.0470021
0 0.122465 0.632892 0.0767985 0.0725899
0 0.228732 0.25659 0.0711444 0.0714449
0 0.527552 0.0177902 0.0700293 0.0355215
0 0.310905 0.737734 0.0735881 0.0704962
0 0.316012 0.885601 0.0741862 0.0747675
0 0.374373 0.634768 0.0713849 0.0673287
0 0.12867 0.979252 0.0752043 0.0414966
0 0.559639 0.882206 0.0679083 0.0700092
0 0.370932 0.562023 0.0777495 0.0781795
0 0.0554374 0.67079 0.0731454 0.0710306
0 0.0193908 0.268729 0.0387815 0.075673
0 0.223535 0.0146022 0.0693795 0.0292043
0 0.102574 0.0119702 0.069988 0.0239404
0 0.720353 0.960789 0.0771892 0.0705376
0 0.654504 0.920509 0.0705967 0.0717703
0 0.0343666 0.101898 0.0687215 0.0804617
0 0.959563 0.936024 0.0688252 0.075196
0 0.247704 0.855895 0.063537 0.067008
0 0.336302 0.0343422 0.0721816 0.0638343
0 0.0195946 0.981897 0.0391892 0.0362068
0 0.416791 0.354468 0.0698669 0.0629565
0 0.961138 0.986994 0.0663037 0.0260122
0 0.530485 0.144615 0.0660818 0.0700221
0 0.554072 0.739244 0.0655911 0.0703278
0 0.552072 0.526375 0.064343 0.0723813
0 0.291618 0.35839 0.0712349 0.0683981
0 0.552399 0.595468 0.0638065 0.0678846
0 0.554756 0.808469 0.0681989 0.070653
0 0.350755 0.0933872 0.0687907 0.0733243
0 0.0189373 0.860449 0.0378745 0.0675759
0 0.555483 0.665339 0.0665305 0.0747983
0 0.122158 0.49158 0.0751831 0.0714995
0 0.032405 0.337723 0.0644564 0.0782691
