0 0.0429588 0.253297 0.0706863 0.0673739
0 0.786928 0.180839 0.0731163 0.0756989
0 0.356259 0.146774 0.0688861 0.0709487
0 0.234078 0.286431 0.0679503 0.0767805
0 0.304319 0.898463 0.0711807 0.073278
0 0.294874 0.396046 0.069289 0.0722997
0 0.11001 0.147711 0.064753 0.0696824
0 0.295641 0.184338 0.0659528 0.0686858
0 0.235399 0.0222937 0.0692656 0.0439343
0 0.295354 0.253304 0.0664853 0.0690192
0 0.107251 0.289556 0.0705024 0.0738293
0 0.23483 0.148599 0.065819 0.0692358
0 0.172149 0.182481 0.0692294 0.0734504
0 0.171591 0.25479 0.0687548 0.0693986
0 0.10883 0.221515 0.0695708 0.0702929
0 0.355578 0.361171 0.0715374 0.0755934
0 0.727021 0.363472 0.0724506 0.0734022
0 0.294985 0.112082 0.068388 0.0711913
0 0.234981 0.214382 0.0666145 0.0693217
0 0.420676 0.394936 0.0704793 0.0734611
0 0.307839 0.755075 0.072896 0.0748296
0 0.234606 0.0773802 0.0676021 0.0720019
0 0.356124 0.216262 0.069548 0.0668236
0 0.307616 0.611786 0.0718758 0.0695792
0 0.355074 0.28779 0.0722209 0.0680341
0 0.374219 0.934812 0.0766057 0.0737358
0 0.295454 0.0419228 0.0669676 0.070531
0 0.416635 0.111862 0.0709243 0.0710289
0 0.173842 0.397016 0.068776 0.0735476
0 0.417955 0.255635 0.0689989 0.0743958
0 0.421151 0.323608 0.0707971 0.0715503
0 0.232612 0.35983 0.0700624 0.0738153
0 0.294932 0.325882 0.0685677 0.0749822
0 0.109667 0.075419 0.0651133 0.0690307
0 0.664412 0.114049 0.0736554 0.0724756
0 0.664081 0.25518 0.0752125 0.0753892
0 0.540532 0.39635 0.0701463 0.0693817
0 0.726431 0.0236595 0.0736775 0.0473191
0 0.805001 0.615998 0.0711603 0.0706949
0 0.481746 0.36182 0.0654771 0.0708246
0 0.600923 0.146185 0.0705588 0.0693941
0 0.354628 0.0213741 0.0724187 0.0426013
0 0.242116 0.863057 0.0698133 0.0705787
0 0.60077 0.214405 0.0718112 0.0681254
0 0.727073 0.0795375 0.071792 0.0711072
0 0.0479352 0.182014 0.0694395 0.0748687
0 0.168221 0.0392306 0.0778086 0.0769595
0 0.171046 0.324725 0.0676424 0.0709513
0 0.911651 0.396425 0.0749176 0.0733893
0 0.600514 0.0789774 0.0714772 0.0705251
0 0.685981 0.831056 0.0755894 0.0708289
0 0.868826 0.940784 0.0712962 0.0724031
0 0.558775 0.830455 0.0728998 0.0697446
0 0.912383 0.0453413 0.0726278 0.0690395
0 0.850861 0.36138 0.0716245 0.0706713
0 0.912714 0.11186 0.0742178 0.0689112
0 0.598217 0.0239475 0.0768129 0.0473957
0 0.66603 0.3955 0.0706372 0.0706393
0 0.790124 0.395028 0.070982 0.0714803
0 0.808934 0.829971 0.071279 0.0707421
0 0.724791 0.287751 0.0726758 0.0703419
0 0.371508 0.646347 0.0747121 0.0686635
0 0.370056 0.862626 0.0741006 0.0701134
0 0.171428 0.111414 0.0709683 0.0716844
0 0.122959 0.645252 0.0740682 0.0714437
0 0.0492477 0.109063 0.0711458 0.0711865
0 0.497654 0.864033 0.0741599 0.0706614
0 0.969506 0.363681 0.0609879 0.0699257
0 0.727402 0.219251 0.0691043 0.0716594
0 0.35549 0.0780802 0.0697446 0.0723586
0 0.247528 0.645524 0.0725251 0.069721
0 0.930959 0.832925 0.072063 0.0717766
0 0.477546 0.0776076 0.0706562 0.0739215
0 0.496542 0.938014 0.0751611 0.071197
0 0.969192 0.149271 0.0616142 0.0716004
0 0.97912 0.936763 0.0417594 0.0708234
0 0.538769 0.112664 0.0722265 0.0721951
0 0.480065 0.290232 0.0691502 0.0719767
0 0.869637 0.653609 0.0698926 0.0694357
0 0.85023 0.145644 0.0732391 0.0710977
0 0.980228 0.724527 0.0395434 0.0709584
0 0.621869 0.796086 0.0753307 0.0704207
0 0.867531 0.866742 0.0696645 0.0675323
0 0.0478651 0.0390386 0.0710337 0.0680192
0 0.37158 0.792794 0.071586 0.0697143
0 0.74719 0.868014 0.0715702 0.0706725
0 0.684438 0.615226 0.0720812 0.0711048
0 0.684901 0.758968 0.0718231 0.0722394
0 0.0161141 0.793847 0.0322281 0.072264
0 0.0607285 0.895573 0.0744276 0.0680792
0 0.556068 0.614506 0.0735416 0.0694966
0 0.789135 0.0449629 0.0693586 0.0659879
0 0.0609049 0.677997 0.0757557 0.0693181
0 0.122953 0.861789 0.0766333 0.0710777
0 0.0573256 0.828078 0.0752234 0.0692139
0 0.559351 0.760623 0.0740712 0.074523
0 0.186929 0.610539 0.075348 0.0708847
0 0.0603282 0.754981 0.074079 0.0761389
0 0.415969 0.0424134 0.073792 0.0725091
0 0.602464 0.362599 0.0734293 0.0697679
0 0.183895 0.683876 0.0716507 0.0676079
0 0.540097 0.327481 0.0712116 0.0728297
0 0.787494 0.111256 0.0716448 0.0712955
0 0.108507 0.362066 0.0729426 0.0749927
0 0.184357 0.896104 0.0722895 0.0691388
0 0.969209 0.291338 0.0615827 0.0746989
0 0.62465 0.864564 0.0758946 0.0692219
0 0.0167134 0.862799 0.0334268 0.0687734
0 0.933102 0.761227 0.0716203 0.0716858
0 0.813296 0.759653 0.0701957 0.0697792
0 0.310042 0.829064 0.0748639 0.0705595
0 0.431025 0.613799 0.0713812 0.0689737
0 0.978923 0.799102 0.0421534 0.0744696
0 0.87015 0.796228 0.071501 0.0707495
0 0.24629 0.793055 0.0749457 0.0722549
0 0.108799 0.0211212 0.0674012 0.0406299
0 0.979471 0.581424 0.0410585 0.0711875
0 0.373047 0.717531 0.0750661 0.073244
0 0.477086 0.0207403 0.0730382 0.0397187
0 0.497095 0.793621 0.0710533 0.0701505
0 0.497902 0.720476 0.0702157 0.0718496
0 0.434893 0.828341 0.0762224 0.0719852
0 0.434466 0.966311 0.0703554 0.0652852
0 0.663953 0.0437363 0.0743864 0.0694105
0 0.435737 0.684232 0.0757138 0.0747247
0 0.495529 0.647522 0.0722978 0.0678642
0 0.186163 0.826317 0.0720583 0.0712256
0 0.626643 0.939668 0.0770586 0.0733309
0 0.620007 0.582918 0.0731936 0.067821
0 0.749606 0.938818 0.0752476 0.0721588
0 0.914682 0.181014 0.0719362 0.0681344
0 0.912697 0.324885 0.0736279 0.071342
0 0.560609 0.901503 0.0741223 0.0736194
0 0.728119 0.147993 0.0702462 0.0687438
0 0.12318 0.718097 0.0727268 0.073637
0 0.0597182 0.96268 0.0766142 0.0676043
0 0.601407 0.291875 0.0740095 0.0766488
0 0.97009 0.430197 0.0594273 0.0707424
0 0.477493 0.147467 0.0704185 0.0701481
0 0.23433 0.429722 0.0664932 0.0705999
0 0.740174 0.581623 0.0686501 0.0703502
0 0.933524 0.614732 0.0731562 0.0698149
0 0.850058 0.291359 0.0735632 0.072477
0 0.0120287 0.078949 0.0240574 0.070427
0 0.123461 0.932932 0.0751911 0.0721653
0 0.872183 0.722977 0.0677629 0.0689774
0 0.24737 0.720091 0.073571 0.0705563
0 0.124688 0.791224 0.0739123 0.0711517
0 0.749331 0.794006 0.0766733 0.0718966
0 0.534326 0.0389626 0.0796325 0.0750761
0 0.913389 0.255632 0.073792 0.0727928
0 0.538764 0.180052 0.0728521 0.0665946
0 0.185105 0.754181 0.07007 0.0736721
0 0.0616418 0.608809 0.0767798 0.0728598
0 0.0123296 0.144337 0.0246592 0.0675615
0 0.559269 0.683969 0.0703583 0.0714217
0 0.539055 0.255534 0.0739191 0.0725635
0 0.622889 0.723832 0.0725682 0.0726812
0 0.747723 0.653439 0.0734537 0.0717342
0 0.808615 0.902741 0.0699236 0.0694152
0 0.242526 0.93127 0.0674499 0.0657673
0 0.97977 0.65179 0.0404605 0.069737
0 0.6868 0.899508 0.0752931 0.0695662
0 0.970141 0.219665 0.0597188 0.0705747
0 0.434325 0.898301 0.0748551 0.0678375
0 0.850017 0.0759768 0.0726211 0.0729547
0 0.0174563 0.648352 0.0349127 0.0709753
0 0.851231 0.219819 0.0753868 0.0746561
0 0.749384 0.723625 0.0746078 0.0699515
0 0.437386 0.757271 0.0725772 0.0703126
0 0.810856 0.967642 0.0720749 0.0642407
0 0.931162 0.904687 0.0711424 0.0687716
0 0.623121 0.650145 0.0772328 0.0707521
0 0.476924 0.221556 0.0713191 0.0693822
0 0.664129 0.326156 0.0727701 0.0744765
0 0.684635 0.687969 0.070148 0.0682398
0 0.788302 0.324078 0.0726423 0.0747344
0 0.931845 0.966927 0.074891 0.0625391
0 0.813282 0.688581 0.0711646 0.0708528
0 0.934679 0.68776 0.0727146 0.0717487
0 0.187621 0.966125 0.0738456 0.0662483
0 0.849925 0.021201 0.0645711 0.042402
0 0.562414 0.967897 0.0768547 0.0641696
0 0.966574 0.074225 0.066852 0.075279
0 0.686309 0.968286 0.0748944 0.0634286
0 0.245878 0.576351 0.072654 0.070991
0 0.0175564 0.933052 0.0351128 0.0721147
0 0.851023 0.429268 0.0690277 0.0677403
0 0.970978 0.0221583 0.0567057 0.0443166
0 0.48004 0.432331 0.0667005 0.0721465
0 0.017352 0.57244 0.034704 0.0785589
0 0.60319 0.429066 0.0729389 0.0715667
0 0.176623 0.172449 0.0730763 0.0820355
0 0.183553 0.381139 0.0842979 0.0960512
0 0.373359 0.984645 0.0679642 0.0307106
0 0.123968 0.984725 0.0705961 0.030549
0 0.367674 0.578959 0.0703747 0.0682569
0 0.978887 0.871583 0.0422254 0.0643412
0 0.444156 0.377482 0.0853215 0.073593
0 0.245648 0.98252 0.0679451 0.0349607
0 0.437854 0.317128 0.0842075 0.0824491
0 0.969896 0.303094 0.0601063 0.0639291
0 0.0172822 0.719883 0.0345644 0.0735388
0 0.497357 0.985449 0.0727061 0.029102
0 0.626525 0.987121 0.0678167 0.0257581
0 0.749348 0.986824 0.0675676 0.0263524
0 0.176081 0.0476394 0.0714324 0.0722899
0 0.123702 0.571955 0.0764577 0.0754495
0 0.978107 0.985164 0.0437864 0.0296714
0 0.935006 0.544319 0.0752853 0.0768914
0 0.871083 0.986126 0.0703945 0.0277474
0 0.872047 0.582004 0.0773867 0.0713549
0 0.476447 0.303866 0.0766784 0.0908589
0 0.253311 0.025927 0.092654 0.050865
0 0.164508 0.164896 0.0835131 0.0802302
0 0.559556 0.775111 0.0750904 0.0646049
0 0.0164361 0.984876 0.0328721 0.0302489
0 0.0560047 0.0324444 0.08096 0.0637531
0 0.183804 0.124937 0.084711 0.0808329
0 0.206567 0.273438 0.115537 0.0970393
0 0.184649 0.541315 0.0704061 0.0695288
0 0.910496 0.0264667 0.0768347 0.0515132
0 0.557041 0.548238 0.0714936 0.0657284
0 0.109155 0.434286 0.0767554 0.0780847
0 0.495376 0.579332 0.0734231 0.0717535
0 0.0288333 0.23485 0.0563855 0.0905315
0 0.66418 0.094774 0.0729539 0.0684654
0 0.354556 0.346332 0.0729337 0.0801853
0 0.787183 0.034739 0.0756955 0.064269
