0 0.0795699 0.146851 0.0671055 0.0687167
0 0.143836 0.114486 0.0686236 0.0701131
0 0.139052 0.187881 0.0688631 0.0758547
0 0.207135 0.0855501 0.070896 0.0741542
0 0.149212 0.0457801 0.0668982 0.0683615
0 0.0869159 0.0755253 0.0711295 0.0715188
0 0.280315 0.948792 0.0682196 0.07008
0 0.0256335 0.180816 0.0512669 0.0722366
0 0.201419 0.158214 0.0713321 0.0738516
0 0.4004 0.944074 0.0707619 0.0700005
0 0.219202 0.702664 0.072646 0.068414
0 0.152746 0.527239 0.0699577 0.0654652
0 0.0517582 0.364128 0.0684891 0.0694666
0 0.0747856 0.218732 0.0708758 0.0804287
0 0.459432 0.550354 0.0675533 0.0686049
0 0.400606 0.799969 0.0685556 0.0687678
0 0.398761 0.730559 0.0690572 0.070744
0 0.253197 0.273657 0.0743387 0.0737189
0 0.217117 0.0276184 0.0813665 0.0552367
0 0.279472 0.735593 0.0709575 0.0685024
0 0.121817 0.33312 0.072445 0.0696839
0 0.340486 0.767199 0.0728432 0.0707216
0 0.520329 0.798185 0.0690508 0.0712714
0 0.159098 0.737584 0.0725135 0.0708586
0 0.460044 0.765621 0.069934 0.0712233
0 0.338494 0.972862 0.0717502 0.0542759
0 0.461416 0.691219 0.0670024 0.0714617
0 0.460846 0.969376 0.067549 0.0599074
0 0.159166 0.951009 0.0769975 0.0710387
0 0.52136 0.72421 0.0695203 0.0732563
0 0.220419 0.770255 0.0723895 0.0693941
0 0.189818 0.303966 0.0742765 0.0716717
0 0.0377854 0.74044 0.0755708 0.073784
0 0.339044 0.910001 0.0696391 0.0729114
0 0.338421 0.695 0.0670074 0.0693549
0 0.0354833 0.951823 0.0676317 0.0699313
0 0.459653 0.834947 0.0685334 0.0671983
0 0.20001 0.229535 0.0699962 0.0730891
0 0.0988383 0.704508 0.0755047 0.0691054
0 0.279699 0.66543 0.0683547 0.0708419
0 0.0909794 0.0214562 0.0716772 0.0424548
0 0.0983444 0.772561 0.0715812 0.0686076
0 0.400014 0.657198 0.0700902 0.0701674
0 0.338533 0.620425 0.0713842 0.0697935
0 0.221452 0.915151 0.071935 0.0735675
0 0.459902 0.908334 0.0674625 0.0682282
0 0.519724 0.936971 0.0684884 0.0657034
0 0.520331 0.868038 0.0698563 0.0700979
0 0.219712 0.632959 0.0720812 0.074173
0 0.341698 0.835557 0.0737284 0.06809
0 0.0980786 0.633098 0.0724689 0.0701761
0 0.400075 0.868604 0.0700375 0.0689392
0 0.334224 0.554359 0.0678976 0.0680002
0 0.158985 0.666967 0.0713031 0.071336
0 0.11317 0.401225 0.0695256 0.0715145
0 0.0328228 0.0357797 0.065359 0.0715594
0 0.460503 0.617802 0.068797 0.0679115
0 0.0955262 0.917306 0.0718614 0.0677431
0 0.281101 0.802331 0.0732435 0.068815
0 0.0389124 0.809772 0.0693147 0.0711675
0 0.279112 0.593082 0.0685481 0.0702569
0 0.0312696 0.109617 0.0625392 0.0714338
0 0.130904 0.263818 0.0735385 0.0764506
0 0.0377803 0.670371 0.0716001 0.0741969
0 0.158367 0.810329 0.0767748 0.0734209
0 0.0376577 0.525259 0.0681465 0.067385
0 0.0940678 0.558368 0.0754932 0.0728343
0 0.0665642 0.293626 0.075527 0.0728003
0 0.221169 0.845617 0.0711492 0.0709288
0 0.0947599 0.974547 0.0757259 0.0509065
0 0.0959223 0.845559 0.0715142 0.0709647
0 0.219168 0.563614 0.0739059 0.0709962
0 0.158383 0.597409 0.069774 0.0703297
0 0.280032 0.873296 0.0745466 0.0712422
0 0.0379781 0.596681 0.0682045 0.0733739
0 0.0223302 0.254793 0.0446603 0.0719729
0 0.0358753 0.88159 0.0688116 0.0697274
0 0.52117 0.649273 0.0707583 0.0687771
0 0.159427 0.881357 0.0731257 0.0690165
0 0.0176277 0.32725 0.0352555 0.073643
0 0.401956 0.583577 0.0750262 0.0690339
0 0.275904 0.526412 0.0668093 0.0668828
0 0.0945344 0.486396 0.0728467 0.0733502
0 0.52079 0.9852 0.070049 0.0295994
0 0.25864 0.206887 0.0671284 0.0672387
0 0.180177 0.376499 0.0726183 0.0744591
0 0.222552 0.975004 0.0722194 0.0499923
0 0.217635 0.493309 0.0714843 0.0714445
0 0.519321 0.584051 0.0672221 0.0688323
0 0.399806 0.518116 0.0703704 0.0674329
0 0.0376971 0.966168 0.0687618 0.0676631
0 0.295087 0.0125466 0.0710175 0.0250931
0 0.309515 0.239022 0.0529363 0.063096
0 0.0137788 0.391157 0.0275576 0.0589137
