0 0.602585 0.833585 0.0717348 0.072546
0 0.602575 0.969068 0.0710802 0.0618645
0 0.168264 0.952829 0.0703306 0.0725991
0 0.291074 0.95074 0.0711202 0.0725121
0 0.540658 0.940243 0.073278 0.0781288
0 0.850038 0.178187 0.0707943 0.0693175
0 0.230437 0.975286 0.0714129 0.0494274
0 0.539404 0.865294 0.0711772 0.06973
0 0.351964 0.111352 0.0707694 0.0710784
0 0.602081 0.395299 0.0719035 0.072347
0 0.911495 0.361385 0.0701149 0.0688875
0 0.413566 0.361715 0.0724072 0.0710199
0 0.29131 0.144471 0.0712341 0.070934
0 0.787205 0.942575 0.0739088 0.0753289
0 0.289956 0.363104 0.0716788 0.070359
0 0.849523 0.828428 0.0725136 0.0716118
0 0.226518 0.767188 0.0733175 0.0715839
0 0.969489 0.180038 0.0610222 0.069275
0 0.540238 0.287366 0.072549 0.0756129
0 0.103462 0.973422 0.0763324 0.0531557
0 0.346779 0.0384141 0.0834882 0.0768283
0 0.101718 0.76717 0.0721732 0.0710099
0 0.104188 0.83849 0.0696249 0.0704372
0 0.539258 0.360278 0.0723295 0.0725815
0 0.477624 0.832828 0.0713263 0.0702299
0 0.164967 0.801773 0.0717671 0.0700846
0 0.4747 0.177009 0.0727459 0.071167
0 0.535888 0.0222567 0.0770528 0.0436825
0 0.538573 0.211849 0.071569 0.0708557
0 0.600409 0.761069 0.0735238 0.0727549
0 0.970031 0.897992 0.0599378 0.0719186
0 0.290184 0.801198 0.0719037 0.0708935
0 0.0426115 0.803496 0.0693382 0.0697513
0 0.0409148 0.949693 0.0711857 0.074985
0 0.659068 0.580048 0.0704679 0.0665061
0 0.413984 0.945191 0.0727945 0.0745463
0 0.850569 0.109181 0.0734748 0.071724
0 0.352787 0.97406 0.0728358 0.051881
0 0.787543 0.144087 0.0727916 0.071119
0 0.661912 0.143656 0.0724486 0.071853
0 0.412914 0.144982 0.0708566 0.0708833
0 0.0400352 0.588547 0.0682048 0.0696076
0 0.599399 0.613346 0.071394 0.0694599
0 0.474804 0.615065 0.072642 0.0700157
0 0.536115 0.0741894 0.0725423 0.0645696
0 0.85048 0.895929 0.07147 0.0699019
0 0.289411 0.2927 0.0723242 0.0747544
0 0.908171 0.643778 0.0739474 0.0699282
0 0.912616 0.861226 0.0768626 0.0689486
0 0.846314 0.611482 0.0763357 0.0691304
0 0.476143 0.393802 0.0734924 0.0726024
0 0.726324 0.394695 0.0685662 0.0697548
0 0.786366 0.863931 0.0741041 0.0709503
0 0.850057 0.325249 0.0722656 0.073506
0 0.850188 0.393226 0.0709679 0.0706369
0 0.222988 0.694447 0.08144 0.0779724
0 0.599236 0.177222 0.0729659 0.0703083
0 0.478419 0.906788 0.0725604 0.0767698
0 0.911586 0.937215 0.0739638 0.0753086
0 0.964395 0.610414 0.0642796 0.0681925
0 0.663111 0.0736554 0.0729187 0.0724199
0 0.228203 0.837058 0.0713692 0.0714602
0 0.352561 0.837411 0.0720124 0.0740142
0 0.659771 0.646631 0.0733298 0.0702002
0 0.787427 0.358339 0.0743481 0.0722947
0 0.352314 0.180224 0.070888 0.0710438
0 0.353247 0.912746 0.0723025 0.0752623
0 0.850282 0.96794 0.0737698 0.0641198
0 0.351601 0.397078 0.0708896 0.0674887
0 0.786237 0.645986 0.071597 0.0690989
0 0.84784 0.678712 0.0722721 0.0690128
0 0.0435885 0.874861 0.069414 0.0754654
0 0.104016 0.914035 0.0737075 0.0720279
0 0.665649 0.363822 0.0709678 0.0730177
0 0.72226 0.0382893 0.0828321 0.0754494
0 0.475246 0.7617 0.0738153 0.0746863
0 0.163475 0.733218 0.0733359 0.0686065
0 0.722805 0.680965 0.0763918 0.0723352
0 0.66505 0.867058 0.0709034 0.0696769
0 0.229193 0.915892 0.0728213 0.0744107
0 0.351028 0.616407 0.0723299 0.0701745
0 0.724704 0.969817 0.0754838 0.0603656
0 0.662516 0.215506 0.0749042 0.0701914
0 0.28957 0.728365 0.0719346 0.0737993
0 0.725079 0.186373 0.0743747 0.0777819
0 0.721784 0.611482 0.0795929 0.0704285
0 0.911065 0.290271 0.0731285 0.0780454
0 0.165245 0.879344 0.0734393 0.0759652
0 0.663358 0.940742 0.0728663 0.0686939
0 0.965374 0.678038 0.0680554 0.0701487
0 0.725038 0.325092 0.0725495 0.0737622
0 0.846451 0.756435 0.0795982 0.0774868
0 0.412156 0.584632 0.0757157 0.0691226
0 0.221013 0.617017 0.0781083 0.0714635
0 0.538254 0.796999 0.0726593 0.0728656
0 0.474639 0.108933 0.0726559 0.0683167
0 0.350749 0.692037 0.0746608 0.0741031
0 0.599787 0.251868 0.0719068 0.0700351
0 0.535938 0.141191 0.0767281 0.069518
0 0.476223 0.322561 0.0739412 0.0718862
0 0.913053 0.0740864 0.0733566 0.0752962
0 0.413004 0.29126 0.0734925 0.0741304
0 0.413723 0.0203849 0.0751286 0.0386712
0 0.537253 0.648804 0.0730326 0.0692908
0 0.290211 0.878673 0.0733779 0.0717967
0 0.787393 0.289125 0.0730665 0.0716221
0 0.851487 0.0422372 0.0730624 0.0683922
0 0.161202 0.586216 0.0712002 0.0666574
0 0.910246 0.213567 0.0742671 0.0654962
0 0.537016 0.726033 0.0740325 0.0737629
0 0.964695 0.751589 0.0706103 0.0800247
0 0.415269 0.872516 0.0729984 0.0735493
0 0.475438 0.971668 0.0739393 0.056663
0 0.788022 0.020852 0.0747564 0.040156
0 0.787271 0.074405 0.0737433 0.072264
0 0.10131 0.696999 0.0732969 0.0732589
0 0.597795 0.685844 0.0744648 0.074208
0 0.967618 0.252994 0.0647645 0.0774742
0 0.8495 0.249663 0.0742756 0.074238
0 0.350735 0.328137 0.0730051 0.0739062
0 0.785497 0.717406 0.0750234 0.0731738
0 0.160945 0.660897 0.0722595 0.0734588
0 0.351381 0.764771 0.0730485 0.0742266
0 0.290916 0.218924 0.070717 0.0748645
0 0.0395402 0.660308 0.0710935 0.0695146
0 0.28904 0.0742176 0.0733614 0.0764731
0 0.72454 0.108062 0.0730408 0.0730096
0 0.41501 0.0739312 0.0721385 0.0715917
0 0.908795 0.715275 0.0743692 0.0726033
0 0.662919 0.0200678 0.0730703 0.0376997
0 0.538542 0.580516 0.0720628 0.0704955
0 0.600461 0.322042 0.0724928 0.0743139
0 0.662306 0.288338 0.0743959 0.0723379
0 0.411588 0.725899 0.0730118 0.0726497
0 0.725302 0.254804 0.0734322 0.069376
0 0.472507 0.688571 0.0781972 0.074234
0 0.100142 0.627982 0.0735496 0.0708038
0 0.787688 0.220124 0.072331 0.0704013
0 0.968215 0.0381803 0.0635706 0.070341
0 0.786407 0.793072 0.0750405 0.0724511
0 0.287617 0.659009 0.0731928 0.0703893
0 0.724955 0.904543 0.0719116 0.0747964
0 0.350253 0.255878 0.074887 0.0711877
0 0.475763 0.254579 0.0764794 0.0750819
0 0.412898 0.221995 0.0722135 0.0697301
0 0.967387 0.326642 0.065226 0.0695922
0 0.476201 0.0407838 0.0690678 0.0662384
0 0.599753 0.107802 0.0741587 0.071905
0 0.724257 0.828417 0.0716289 0.0749375
0 0.968836 0.825493 0.0623276 0.0771458
0 0.661365 0.724387 0.0726547 0.0711358
0 0.411021 0.657204 0.0708414 0.0692253
0 0.968327 0.108942 0.0633469 0.0766738
0 0.600286 0.0399097 0.0757804 0.0691746
0 0.413991 0.797831 0.0732687 0.0738828
0 0.725573 0.758323 0.0706273 0.0676732
0 0.662924 0.794879 0.0725706 0.0749542
0 0.911923 0.790188 0.072557 0.0732158
0 0.0397395 0.733477 0.0711324 0.075783
0 0.91236 0.0200305 0.0743537 0.0376428
0 0.783212 0.576088 0.0755048 0.0717767
0 0.287036 0.0184669 0.0750176 0.0338519
0 0.287147 0.585929 0.0752267 0.0743885
0 0.968579 0.970486 0.0628418 0.0590281
0 0.22881 0.396252 0.069342 0.0699403
0 0.91003 0.152369 0.0744429 0.0679726
0 0.907707 0.57556 0.0741625 0.0708866
0 0.539183 0.428826 0.0699217 0.0703639
0 0.227875 0.178472 0.0723228 0.0730825
0 0.0981257 0.554493 0.072801 0.0742216
0 0.226055 0.256323 0.0776383 0.0785204
0 0.91325 0.987648 0.0683441 0.0247045
0 0.967261 0.3916 0.0605495 0.0621235
0 0.540896 0.987736 0.0701859 0.0245281
0 0.22959 0.332016 0.0684306 0.0687239
0 0.964346 0.536727 0.0680223 0.0746777
0 0.289729 0.429063 0.0701984 0.0673847
0 0.664824 0.987795 0.0693729 0.0244102
0 0.851104 0.337323 0.0705227 0.0644547
0 0.599023 0.543302 0.0705113 0.0738089
0 0.0400655 0.813833 0.0762287 0.0823302
0 0.227845 0.109016 0.0717112 0.0729055
0 0.412329 0.427779 0.071542 0.0677699
0 0.726577 0.335304 0.0680979 0.0631336
0 0.601992 0.334889 0.0701206 0.0643027
0 0.224318 0.0391892 0.0748512 0.0685025
0 0.290912 0.74071 0.0700318 0.0637934
0 0.718709 0.539223 0.0737357 0.0730038
0 0.352191 0.0787662 0.0717241 0.0669833
0 0.414136 0.0841935 0.0677858 0.0639245
0 0.909299 0.424296 0.0671512 0.0671126
0 0.10205 0.75145 0.0711039 0.072552
0 0.847489 0.815049 0.0754223 0.0825239
0 0.788066 0.985686 0.0732166 0.0286288
0 0.785968 0.423125 0.0711116 0.0643113
