0 0.172842 0.402791 0.0681349 0.269248
0 0.354749 0.797055 0.0655028 0.260686
0 0.110603 0.272286 0.0670211 0.263637
0 0.413581 0.373906 0.0722098 0.25752
0 0.352341 0.490829 0.0697786 0.269478
0 0.292961 0.398364 0.0701464 0.246072
0 0.234471 0.275452 0.0656322 0.258914
0 0.292773 0.670293 0.0717141 0.28063
0 0.232113 0.545781 0.0679466 0.271601
0 0.544106 0.387877 0.0706666 0.296222
0 0.481751 0.798528 0.0704125 0.26117
0 0.110141 0.527911 0.0667673 0.263166
0 0.916052 0.669967 0.0722371 0.2726
0 0.605189 0.795865 0.0696977 0.260702
0 0.606057 0.271224 0.0701579 0.258736
0 0.0470889 0.66518 0.0689678 0.274942
0 0.729619 0.795995 0.0719361 0.26359
0 0.47874 0.535189 0.0746163 0.277229
0 0.174182 0.149108 0.0691513 0.260669
0 0.0468413 0.385136 0.0706279 0.269466
0 0.66715 0.406562 0.07181 0.255755
0 0.855609 0.272092 0.0703726 0.257289
0 0.970449 0.514802 0.0591028 0.263854
0 0.60623 0.532414 0.069663 0.276849
0 0.543354 0.670055 0.0709935 0.273831
0 0.792873 0.40748 0.0722187 0.285158
0 0.727941 0.538332 0.0733323 0.274601
0 0.854412 0.796066 0.0717437 0.265377
0 0.108173 0.802704 0.0670683 0.262723
0 0.91628 0.395252 0.0739425 0.269126
0 0.853587 0.534867 0.0732772 0.26895
0 0.667872 0.655344 0.0698184 0.261743
0 0.728406 0.267769 0.0718757 0.265506
0 0.791641 0.668733 0.07254 0.27317
0 0.479224 0.267336 0.0733573 0.262832
0 0.0116815 0.790806 0.0233631 0.245433
0 0.97078 0.261269 0.0584395 0.260873
0 0.354093 0.262201 0.0682212 0.218679
0 0.293873 0.146098 0.0679506 0.251704
0 0.0482894 0.129755 0.0694927 0.249904
0 0.792574 0.144818 0.0733967 0.258739
0 0.0139157 0.559194 0.0271834 0.289529
0 0.667021 0.142221 0.0709143 0.256037
0 0.918007 0.140537 0.0703094 0.248755
0 0.41648 0.147526 0.0715618 0.245315
0 0.543973 0.129736 0.0705504 0.248304
0 0.0521861 0.417686 0.0712859 0.278254
0 0.048154 0.896037 0.0700474 0.204556
0 0.180137 0.371536 0.0787716 0.279748
0 0.186713 0.450053 0.0894418 0.322117
0 0.031795 0.483273 0.0621505 0.285437
0 0.295096 0.894935 0.0744375 0.210131
0 0.91588 0.891969 0.0703111 0.210297
0 0.970056 0.779255 0.0598878 0.249637
