0 0.551551 0.146815 0.0687256 0.0734135
0 0.437977 0.688127 0.0707669 0.0721819
0 0.051204 0.0250782 0.0733859 0.0501564
0 0.124315 0.402306 0.0725873 0.0759988
0 0.492043 0.397294 0.0673963 0.0711633
0 0.947893 0.402578 0.0728385 0.0737405
0 0.551718 0.0189602 0.0693136 0.0379205
0 0.675527 0.284132 0.0666885 0.068521
0 0.257191 0.80001 0.0712215 0.0710232
0 0.191319 0.77066 0.0735157 0.0720397
0 0.612757 0.0375307 0.0689738 0.0662692
0 0.318989 0.764313 0.0729603 0.070307
0 0.300429 0.0795093 0.0703043 0.0740109
0 0.551144 0.286528 0.0691551 0.0754037
0 0.550571 0.0758029 0.0666287 0.0688797
0 0.194937 0.909333 0.0749693 0.0757669
0 0.130372 0.8026 0.0713263 0.0698518
0 0.256436 0.866679 0.0695981 0.0666615
0 0.426073 0.0763322 0.0696273 0.0682075
0 0.112791 0.0474453 0.0690622 0.069169
0 0.957287 0.911991 0.0627589 0.0759735
0 0.488456 0.184179 0.069442 0.070612
0 0.134661 0.946972 0.0732364 0.0739188
0 0.0654365 0.43834 0.0751315 0.073862
0 0.61554 0.178874 0.071919 0.0678152
0 0.363256 0.042474 0.0705481 0.0727324
0 0.953188 0.552043 0.0666673 0.0689106
0 0.957808 0.700344 0.0689332 0.0692434
0 0.674933 0.0733771 0.0682359 0.0669997
0 0.567461 0.969549 0.0724084 0.0604827
0 0.426543 0.0211127 0.0721214 0.0421835
0 0.554101 0.549958 0.0683279 0.0680318
0 0.364339 0.113376 0.069688 0.0690086
0 0.958438 0.768831 0.0705185 0.0697937
0 0.113204 0.114072 0.0705635 0.0697912
0 0.956398 0.62778 0.0681965 0.0715207
0 0.94645 0.332456 0.0711627 0.071161
0 0.50424 0.865258 0.0738436 0.0733984
0 0.489383 0.0406534 0.0700715 0.0689505
0 0.489533 0.250394 0.0694239 0.0678849
0 0.615423 0.250709 0.0716242 0.0723363
0 0.428233 0.288876 0.0686668 0.0701342
0 0.426415 0.144651 0.0700247 0.0694486
0 0.305403 0.363658 0.0726001 0.0697018
0 0.257885 0.945018 0.075556 0.0781898
0 0.300236 0.0211471 0.0678164 0.0403167
0 0.180154 0.295592 0.0675625 0.0706248
0 0.491557 0.32645 0.0708724 0.072116
0 0.36768 0.328594 0.0703421 0.0698676
0 0.942291 0.114391 0.0702488 0.0701477
0 0.320024 0.908157 0.0740187 0.0753565
0 0.0220429 0.735684 0.0440859 0.0708674
0 0.614411 0.110228 0.0712906 0.0723493
0 0.49819 0.654734 0.0730004 0.0719082
0 0.490171 0.110357 0.0714074 0.0706222
0 0.615983 0.395307 0.0709054 0.0685405
0 0.235531 0.0431006 0.0851362 0.0836326
0 0.241751 0.329002 0.0727317 0.070781
0 0.44152 0.832308 0.0751979 0.0697563
0 0.366713 0.257002 0.067513 0.0710848
0 0.301309 0.147711 0.0719002 0.0699433
0 0.566438 0.829053 0.0778275 0.0694482
0 0.630952 0.865305 0.0738158 0.0710387
0 0.425549 0.21358 0.0688092 0.0680512
0 0.0620926 0.55135 0.0778762 0.0691857
0 0.554347 0.360713 0.0717323 0.0709208
0 0.677597 0.214564 0.0670862 0.0697986
0 0.431205 0.36216 0.0724552 0.0713559
0 0.942172 0.045972 0.0719512 0.0671825
0 0.735709 0.316101 0.0663264 0.0674089
0 0.255156 0.730886 0.073487 0.0721579
0 0.124827 0.331333 0.0699952 0.0676641
0 0.0723132 0.974224 0.0713365 0.0515511
0 0.615669 0.326384 0.0698584 0.0711625
0 0.686683 0.83056 0.0694208 0.0688016
0 0.675608 0.0201666 0.0709805 0.0399821
0 0.240535 0.256584 0.0705248 0.0722716
0 0.683617 0.613267 0.0715125 0.068409
0 0.505801 0.943021 0.0745342 0.0677087
0 0.565536 0.763292 0.0707072 0.0662776
0 0.177455 0.217837 0.0688489 0.0758687
0 0.0211028 0.666386 0.0422055 0.0761155
0 0.195319 0.971936 0.0728807 0.0561279
0 0.181606 0.364525 0.0689918 0.0678591
0 0.181934 0.554152 0.0724478 0.0664879
0 0.676994 0.143671 0.0703585 0.0709676
0 0.132434 0.874922 0.0722147 0.0691669
0 0.984342 0.0217182 0.0309536 0.0434364
0 0.380645 0.94443 0.0741313 0.0738491
0 0.628744 0.937504 0.0738033 0.0712183
0 0.242528 0.396662 0.069718 0.0665084
0 0.688529 0.760806 0.073256 0.0766113
0 0.303848 0.221915 0.0702191 0.0707049
0 0.68904 0.678592 0.0759366 0.0687096
0 0.963696 0.975953 0.0655804 0.0480944
0 0.36467 0.183493 0.0677614 0.0708019
0 0.0690245 0.767183 0.0715431 0.0715728
0 0.0615389 0.298028 0.0768675 0.0700744
0 0.94431 0.184998 0.0745401 0.0757114
0 0.0705478 0.838765 0.0708243 0.070129
0 0.251623 0.583082 0.0741748 0.0686556
0 0.736395 0.249749 0.0652275 0.0681932
0 0.0726769 0.912441 0.0716886 0.0718149
0 0.067772 0.625905 0.0735169 0.0793741
0 0.0627699 0.364597 0.0737998 0.0689223
0 0.11619 0.1856 0.0698307 0.0723822
0 0.023888 0.951186 0.0477761 0.0777156
0 0.122097 0.521001 0.0652029 0.0635408
0 0.0573495 0.225353 0.0695563 0.0707452
0 0.381791 0.866368 0.0716044 0.0711653
0 0.377571 0.727247 0.0696218 0.0708323
0 0.119511 0.261981 0.0698387 0.0706089
0 0.305993 0.294806 0.0715854 0.0697538
0 0.62412 0.646252 0.0750624 0.0681942
0 0.0231466 0.875268 0.0462932 0.0726252
0 0.620742 0.579945 0.0752709 0.0703962
0 0.877581 0.0242836 0.0747783 0.0485671
0 0.068495 0.698219 0.072469 0.0705194
0 0.497919 0.583467 0.0731056 0.0694073
0 0.565465 0.69101 0.0765045 0.076592
0 0.945669 0.261037 0.0734485 0.0771606
0 0.0177959 0.336178 0.0355918 0.0706569
0 0.319251 0.97185 0.0721057 0.0562993
0 0.375457 0.58436 0.0748948 0.0698702
0 0.314075 0.617118 0.0760284 0.0687344
0 0.44217 0.971568 0.0742753 0.0568646
0 0.0194753 0.406104 0.0389505 0.072457
0 0.442215 0.90594 0.0762836 0.0797946
0 0.627067 0.795465 0.0741768 0.0692072
0 0.19192 0.696734 0.0725489 0.0716791
0 0.559564 0.616083 0.0733526 0.0682523
0 0.437591 0.619895 0.0698508 0.0653396
0 0.239209 0.186838 0.0691368 0.0624374
0 0.252417 0.659356 0.0742142 0.0736315
0 0.504598 0.797541 0.0700297 0.068325
0 0.123797 0.584281 0.0714286 0.0685668
0 0.0170172 0.263366 0.0340343 0.0738729
0 0.126162 0.65969 0.0772636 0.0763787
0 0.0224537 0.806563 0.0449074 0.073488
0 0.743749 0.647488 0.0638499 0.0664035
0 0.378238 0.652696 0.0739439 0.0671247
0 0.131407 0.73254 0.0750344 0.069993
0 0.737305 0.177307 0.0654821 0.0710433
0 0.187142 0.62297 0.0778754 0.0719924
0 0.315619 0.691978 0.0735802 0.0713923
0 0.626725 0.722045 0.0699654 0.0734919
0 0.499667 0.727239 0.0797198 0.0768936
0 0.986481 0.297128 0.026423 0.0719073
0 0.0181823 0.588288 0.0363647 0.076153
0 0.0518242 0.151045 0.0707019 0.0724892
0 0.311596 0.550036 0.07506 0.0704207
0 0.36923 0.397698 0.075058 0.0700328
0 0.885274 0.299314 0.0699108 0.0706526
0 0.903292 0.953903 0.0853541 0.0782537
0 0.432289 0.429981 0.0736827 0.0678785
0 0.015138 0.1894 0.0302761 0.071418
0 0.746293 0.797783 0.0695467 0.0717981
0 0.737098 0.037479 0.0684769 0.0662585
0 0.184053 0.431417 0.0723538 0.0686094
0 0.898602 0.804428 0.0743463 0.0722785
0 0.737074 0.3865 0.0694609 0.0677692
0 0.891202 0.587395 0.0696819 0.0693471
0 0.983171 0.081389 0.0331637 0.0708241
0 0.986375 0.222999 0.0272509 0.07432
0 0.889863 0.52047 0.0688343 0.069936
0 0.881591 0.0801899 0.0699604 0.0701079
0 0.497989 0.516192 0.0665842 0.0659879
0 0.885976 0.365476 0.0698644 0.0695813
0 0.438899 0.552492 0.0707762 0.0674613
0 0.985839 0.368672 0.028321 0.0668567
0 0.898896 0.734649 0.0767235 0.0701754
0 0.233079 0.128317 0.0773713 0.0745324
0 0.900485 0.880089 0.0737679 0.0686846
0 0.983707 0.150569 0.0325857 0.0677198
0 0.676312 0.3593 0.0672128 0.0714228
0 0.690266 0.968467 0.0712943 0.062778
0 0.883088 0.147135 0.0690188 0.0705427
0 0.629316 0.987078 0.0704007 0.025844
0 0.372386 0.511249 0.0732114 0.0758166
0 0.554396 0.429066 0.0713562 0.0680547
0 0.508532 0.987871 0.070829 0.024258
0 0.894586 0.661771 0.0765221 0.0800998
0 0.25113 0.517582 0.0736834 0.0677772
0 0.882164 0.226402 0.0747285 0.0785768
0 0.884448 0.442285 0.0730323 0.0804136
0 0.378294 0.795108 0.0687562 0.0673956
0 0.941559 0.0226242 0.0690544 0.0429557
0 0.382443 0.98747 0.0714275 0.0250599
0 0.618244 0.337308 0.0736217 0.0642449
0 0.964293 0.624609 0.0698407 0.0881455
0 0.968102 0.909529 0.0618032 0.0857141
0 0.568448 0.912117 0.0687673 0.0715045
0 0.680562 0.545312 0.0691907 0.0711596
0 0.620371 0.51057 0.0677822 0.0677353
0 0.984129 0.582551 0.0301421 0.0588686
0 0.125152 0.27331 0.0672473 0.0623402
0 0.676071 0.129594 0.0673344 0.0638149
0 0.135858 0.979109 0.0715789 0.0389456
0 0.734746 0.107044 0.0637103 0.06987
0 0.74028 0.584765 0.064924 0.064361
0 0.56768 0.816381 0.0739187 0.079435
0 0.258921 0.978973 0.075094 0.0392179
0 0.506804 0.983021 0.0718425 0.0339576
