0 0.455159 0.54003 0.0645064 0.0672982
0 0.457999 0.400382 0.066949 0.0730571
0 0.455178 0.612655 0.0666161 0.0710814
0 0.516949 0.507212 0.0691464 0.0697471
0 0.517575 0.646719 0.0684897 0.0682005
0 0.518141 0.577732 0.0708467 0.0708013
0 0.460512 0.0449874 0.0672809 0.0670254
0 0.456 0.472707 0.0640661 0.0674715
0 0.456992 0.327524 0.068215 0.0703517
0 0.459054 0.113709 0.0685564 0.0695906
0 0.036989 0.301713 0.073978 0.0719119
0 0.338172 0.832466 0.0716563 0.0682862
0 0.275911 0.297149 0.0685239 0.069029
0 0.402412 0.0242499 0.0696379 0.0484999
0 0.461914 0.828851 0.0667969 0.0691757
0 0.0958469 0.268298 0.0736544 0.0689198
0 0.461791 0.757208 0.0658253 0.0718515
0 0.401796 0.797372 0.0719265 0.0691814
0 0.518854 0.146169 0.0686686 0.0688085
0 0.277657 0.796012 0.0669282 0.0700519
0 0.334712 0.329625 0.06933 0.0705528
0 0.159197 0.799135 0.0746027 0.070354
0 0.400919 0.0801209 0.0757254 0.0690859
0 0.335615 0.257919 0.066157 0.0679043
0 0.218594 0.550991 0.0730408 0.0690606
0 0.216104 0.264195 0.0739048 0.0695691
0 0.0372984 0.518361 0.0745968 0.0720454
0 0.400274 0.725486 0.0706777 0.0762169
0 0.0972811 0.833809 0.0728049 0.0686591
0 0.396331 0.57978 0.0682095 0.0707164
0 0.22179 0.831964 0.0724564 0.0702839
0 0.396428 0.65038 0.0678715 0.0715603
0 0.0992605 0.551837 0.0713698 0.0690544
0 0.275472 0.367839 0.0695044 0.0717869
0 0.396679 0.435897 0.0683948 0.0713234
0 0.155279 0.300493 0.0738883 0.0705712
0 0.402682 0.864847 0.0728273 0.0678852
0 0.522692 0.928184 0.0705732 0.0683615
0 0.157606 0.728768 0.0694659 0.0705216
0 0.462754 0.96569 0.0710061 0.0667193
0 0.395835 0.363787 0.0701781 0.068979
0 0.397798 0.506635 0.066348 0.0683782
0 0.279343 0.0273368 0.0687076 0.0546735
0 0.335672 0.401605 0.0672495 0.0693001
0 0.215648 0.33344 0.0733076 0.0692592
0 0.0957475 0.198348 0.0697305 0.0680361
0 0.220614 0.760573 0.071811 0.0728068
0 0.278906 0.515104 0.0701092 0.070287
0 0.336215 0.124386 0.0695115 0.0714843
0 0.459087 0.184682 0.0679618 0.0707965
0 0.275045 0.583195 0.0682243 0.0678068
0 0.281334 0.864748 0.0700543 0.0675039
0 0.337811 0.762562 0.0737258 0.0719073
0 0.336587 0.687789 0.0709211 0.0713382
0 0.462324 0.896531 0.0679673 0.0675347
0 0.521421 0.860862 0.070649 0.0707238
0 0.456998 0.680763 0.0678144 0.0676764
0 0.274117 0.653595 0.0670633 0.0680921
0 0.154637 0.230937 0.0686116 0.0682859
0 0.405934 0.936323 0.0695201 0.071455
0 0.163073 0.941094 0.074387 0.0747101
0 0.458277 0.257854 0.068625 0.0709053
0 0.284127 0.937432 0.0738892 0.0742629
0 0.519138 0.71429 0.06882 0.0704224
0 0.276806 0.722639 0.0636747 0.0687706
0 0.0375322 0.94163 0.0720946 0.0726945
0 0.0353247 0.448299 0.0706494 0.0727242
0 0.277045 0.223598 0.066969 0.068141
0 0.0378319 0.802596 0.0688647 0.0707381
0 0.157239 0.0286893 0.0725703 0.0573786
0 0.336161 0.546988 0.0710644 0.0706697
0 0.0349088 0.0287138 0.0690851 0.0574277
0 0.277279 0.157988 0.0672616 0.068332
0 0.395225 0.294371 0.0702492 0.0715803
0 0.0371835 0.163606 0.068814 0.0670536
0 0.337263 0.0511353 0.0724428 0.0694543
0 0.335055 0.614733 0.0699212 0.0679991
0 0.275828 0.0849513 0.0684992 0.066309
0 0.342617 0.896679 0.0770423 0.0687475
0 0.517678 0.288646 0.0666287 0.0653882
0 0.157634 0.656371 0.0711937 0.0705373
0 0.396932 0.221056 0.0678025 0.068061
0 0.0966904 0.901404 0.077452 0.0698385
0 0.096562 0.693191 0.0716886 0.0718801
0 0.0984416 0.618549 0.0712528 0.0661616
0 0.219133 0.480433 0.0747529 0.0715985
0 0.0383308 0.655283 0.0695367 0.0724367
0 0.397965 0.150865 0.0709656 0.0687169
0 0.215272 0.617914 0.0696722 0.0665245
0 0.158932 0.8677 0.0767715 0.0693569
0 0.159243 0.516547 0.0734628 0.070867
0 0.0980346 0.764195 0.0720786 0.0725663
0 0.218804 0.0527213 0.0740218 0.0673837
0 0.338001 0.47286 0.0672642 0.072359
0 0.279609 0.439597 0.0690085 0.0725317
0 0.217605 0.116815 0.0724826 0.067991
0 0.0376325 0.869476 0.0675655 0.0664077
0 0.0374372 0.0878046 0.0688047 0.0704298
0 0.217783 0.407044 0.0720419 0.0714451
0 0.038621 0.586127 0.0705946 0.0681571
0 0.0373979 0.374703 0.0745904 0.0797492
0 0.218699 0.192779 0.0720522 0.0700828
0 0.094345 0.0526799 0.0774253 0.0700662
0 0.155356 0.368309 0.0745527 0.0704277
0 0.157161 0.585499 0.0708992 0.0667737
0 0.0374624 0.7322 0.0721329 0.0757296
0 0.224193 0.903647 0.0728734 0.0709965
0 0.519983 0.215697 0.067389 0.0741493
0 0.0991883 0.96915 0.0749827 0.061699
0 0.159549 0.444255 0.0703299 0.0710687
0 0.0960752 0.336031 0.0732795 0.0682371
0 0.157165 0.160461 0.0726543 0.0715886
0 0.0977082 0.482369 0.0786945 0.0714062
0 0.521331 0.0771926 0.070794 0.0706199
0 0.222373 0.96962 0.0714515 0.0600944
0 0.157677 0.0917111 0.0713439 0.069557
0 0.218789 0.689651 0.0700772 0.0704824
0 0.344659 0.96715 0.076304 0.0656995
0 0.517448 0.362384 0.0679334 0.0746014
0 0.0962392 0.125745 0.075661 0.0713426
0 0.0366626 0.232708 0.0693467 0.07271
0 0.337828 0.191325 0.0676091 0.0657322
0 0.0966108 0.409535 0.0729267 0.0707872
0 0.520158 0.790372 0.065893 0.0671532
0 0.524399 0.020732 0.0690922 0.0414641
0 0.284589 0.987388 0.0700699 0.025223
0 0.404212 0.985401 0.063148 0.0291985
0 0.219846 0.0122473 0.0653001 0.0244946
0 0.163156 0.987343 0.0703754 0.0253136
0 0.0925527 0.0118363 0.0645256 0.0236726
0 0.525941 0.983634 0.0792533 0.0327326
0 0.0390581 0.987387 0.0707968 0.0252268
0 0.0384465 0.98225 0.0685509 0.0355008
0 0.463722 0.0264599 0.068715 0.0502269
0 0.339103 0.0137167 0.0681831 0.0253154
0 0.517247 0.349847 0.065124 0.0609432
