0 0.975386 0.571914 0.049228 0.0723021
0 0.353344 0.709236 0.0717933 0.0729619
0 0.23129 0.271976 0.0688034 0.0730049
0 0.415554 0.670681 0.0740364 0.0741627
0 0.915442 0.0338726 0.0751586 0.0677451
0 0.0436894 0.522004 0.0700941 0.0697315
0 0.788108 0.0288628 0.0704386 0.0577257
0 0.042993 0.454771 0.0700113 0.0711374
0 0.107971 0.566378 0.070068 0.0801606
0 0.170541 0.526791 0.0676799 0.0724311
0 0.479347 0.783149 0.0718772 0.075592
0 0.169979 0.601297 0.0689599 0.0687053
0 0.481092 0.923616 0.069382 0.0716639
0 0.230606 0.494194 0.0680375 0.0698792
0 0.600684 0.633935 0.0734646 0.0752999
0 0.0446442 0.748505 0.072554 0.0790699
0 0.353527 0.055068 0.0713997 0.0752344
0 0.107588 0.708987 0.0692026 0.072652
0 0.10616 0.270268 0.0695155 0.0718534
0 0.106066 0.635777 0.0721054 0.0735261
0 0.168789 0.30823 0.0708967 0.0747653
0 0.292652 0.819764 0.0708652 0.067198
0 0.169091 0.456926 0.0690309 0.0710435
0 0.419451 0.958868 0.0696546 0.0711031
0 0.352586 0.196533 0.0727159 0.0756079
0 0.0449159 0.596568 0.0689682 0.0765785
0 0.292224 0.744995 0.0704397 0.0753324
0 0.168885 0.381531 0.0708458 0.0748281
0 0.291429 0.163628 0.0719477 0.0731277
0 0.105341 0.419546 0.0721486 0.0767234
0 0.540471 0.958272 0.0688884 0.0711744
0 0.231808 0.346775 0.0695964 0.0686189
0 0.540969 0.817306 0.0712926 0.0795906
0 0.291607 0.236326 0.070221 0.0711377
0 0.355329 0.488274 0.0697608 0.0710853
0 0.292385 0.0863395 0.0705577 0.0704093
0 0.230963 0.561358 0.0673874 0.06762
0 0.04412 0.236353 0.0691027 0.0716206
0 0.357818 0.926809 0.0677961 0.0752051
0 0.664456 0.956837 0.0699933 0.0707408
0 0.355172 0.851897 0.0705973 0.0752838
0 0.290318 0.0268355 0.074388 0.0536711
0 0.168758 0.741866 0.0695033 0.0716972
0 0.478011 0.486793 0.0716497 0.0711313
0 0.230029 0.633644 0.070408 0.0727601
0 0.105172 0.925453 0.0700111 0.0714115
0 0.294256 0.960809 0.0726328 0.0708082
0 0.478137 0.0514734 0.0706855 0.071642
0 0.972127 0.925211 0.0557469 0.0654221
0 0.231902 0.415613 0.0679075 0.0733911
0 0.478672 0.852898 0.0713238 0.0686468
0 0.602406 0.924188 0.071944 0.0709035
0 0.415496 0.0272104 0.0765182 0.0544207
0 0.601399 0.271704 0.0720475 0.0727793
0 0.167993 0.23865 0.0706661 0.0707478
0 0.970772 0.207689 0.0584562 0.0752445
0 0.352774 0.268855 0.071908 0.0714904
0 0.416828 0.521764 0.0709187 0.0710156
0 0.23056 0.706324 0.070028 0.0724175
0 0.0433821 0.961454 0.0701426 0.0691465
0 0.229493 0.198146 0.073146 0.0741955
0 0.29264 0.523632 0.0716084 0.0688348
0 0.292402 0.307522 0.0705274 0.0727834
0 0.353708 0.41742 0.0714468 0.072832
0 0.539169 0.520192 0.0706359 0.0709959
0 0.53894 0.451109 0.071384 0.070329
0 0.229266 0.92509 0.0724748 0.071532
0 0.16689 0.0276038 0.0743345 0.0552077
0 0.788871 0.0925126 0.0701203 0.0741756
0 0.168732 0.671927 0.0704812 0.0732579
0 0.106412 0.785423 0.0693376 0.0799673
0 0.0440983 0.667369 0.068141 0.0732032
0 0.417766 0.887898 0.0721334 0.0765228
0 0.0446695 0.304922 0.0695986 0.0708683
0 0.106177 0.344311 0.069235 0.0745474
0 0.971507 0.856511 0.0569866 0.0775461
0 0.539229 0.0279151 0.0778232 0.0558301
0 0.664113 0.0285599 0.0746615 0.0571197
0 0.0421156 0.0284952 0.0744017 0.0569903
0 0.231179 0.852332 0.0702673 0.0759195
0 0.167264 0.818153 0.0733573 0.0694342
0 0.663595 0.236674 0.074739 0.0706022
0 0.480799 0.979492 0.0707685 0.0410166
0 0.231264 0.779975 0.0697054 0.0770576
0 0.166395 0.161398 0.0737724 0.0730184
0 0.166927 0.959409 0.0700336 0.0694267
0 0.0427516 0.164163 0.0714113 0.0739509
0 0.970064 0.132794 0.059873 0.0778921
0 0.971848 0.282501 0.0563035 0.0754728
0 0.727125 0.271005 0.0713542 0.0703085
0 0.475948 0.417843 0.0735266 0.0713364
0 0.0437382 0.819792 0.0698011 0.0739741
0 0.230356 0.122736 0.071211 0.0730816
0 0.415119 0.599261 0.0737197 0.0735812
0 0.662812 0.52199 0.0724434 0.0708013
0 0.662999 0.668926 0.0731151 0.0716175
0 0.599721 0.85512 0.071797 0.0723463
0 0.105422 0.0526287 0.0706691 0.0709712
0 0.415199 0.304227 0.070654 0.0711814
0 0.292 0.380976 0.0724126 0.0710948
0 0.104592 0.1994 0.071664 0.0721457
0 0.91801 0.958667 0.0696762 0.0696326
0 0.355782 0.561115 0.0702007 0.0755439
0 0.968516 0.781078 0.0629687 0.0762708
0 0.104004 0.127549 0.0726 0.071416
0 0.291909 0.594079 0.0723461 0.074352
0 0.104592 0.980204 0.0724884 0.0395911
0 0.167497 0.0876567 0.0705703 0.0698877
0 0.538016 0.671346 0.067348 0.0718648
0 0.724797 0.636534 0.0729474 0.071777
0 0.0435524 0.380657 0.0709881 0.080803
0 0.918176 0.8933 0.0701773 0.0674787
0 0.665773 0.0922832 0.0720727 0.0735133
0 0.47709 0.195439 0.0732927 0.0724224
0 0.476376 0.268143 0.0721076 0.0730544
0 0.414187 0.161869 0.0734944 0.0695725
0 0.35401 0.344009 0.0709709 0.0771229
0 0.724 0.486218 0.0741258 0.0729547
0 0.663547 0.164698 0.0746477 0.0741369
0 0.414348 0.233266 0.0731083 0.0748847
0 0.727531 0.341833 0.0721204 0.0730065
0 0.0429587 0.090112 0.070556 0.0751479
0 0.664662 0.378931 0.0718149 0.073187
0 0.415892 0.816941 0.0728276 0.0694544
0 0.973484 0.4951 0.0530313 0.0731139
0 0.414798 0.0931726 0.0720678 0.0710084
0 0.228825 0.981156 0.0748281 0.0376878
0 0.600461 0.486168 0.0723653 0.0720665
0 0.538298 0.306169 0.0724556 0.0707766
0 0.478367 0.124445 0.0715306 0.073386
0 0.600692 0.414354 0.0745625 0.0721655
0 0.292158 0.889423 0.0723253 0.0738049
0 0.604059 0.0537623 0.070985 0.070937
0 0.600222 0.197951 0.0733924 0.075655
0 0.53745 0.598232 0.0731182 0.0746219
0 0.540877 0.086786 0.0721068 0.0696716
0 0.04299 0.894688 0.070561 0.0708622
0 0.476133 0.34614 0.0741823 0.079205
0 0.782061 0.956013 0.0720905 0.0724357
0 0.726866 0.706862 0.0714391 0.0716118
0 0.352659 0.636637 0.073356 0.0753555
0 0.478613 0.560994 0.0700843 0.0744674
0 0.103471 0.855085 0.0734328 0.0751146
0 0.229425 0.0518808 0.0711742 0.0700537
0 0.602463 0.3453 0.0734578 0.0703563
0 0.600423 0.556152 0.0728552 0.0707716
0 0.413127 0.382171 0.0729145 0.0708104
0 0.727965 0.131246 0.0717204 0.0737571
0 0.723735 0.560814 0.0745561 0.0763823
0 0.663785 0.889985 0.0714171 0.0669115
0 0.290863 0.6714 0.072406 0.0754874
0 0.603154 0.125861 0.0713642 0.0699022
0 0.972996 0.0639196 0.0540071 0.0661137
0 0.537268 0.381012 0.0770285 0.0764297
0 0.54097 0.161279 0.0708239 0.0730393
0 0.723676 0.978058 0.0716335 0.0438831
0 0.918105 0.0996907 0.0711358 0.0705068
0 0.663363 0.448077 0.0715744 0.0727349
0 0.662397 0.599565 0.0742371 0.0718645
0 0.538028 0.23305 0.0727143 0.0763076
0 0.725725 0.20159 0.0727663 0.0746408
0 0.166179 0.889559 0.0726525 0.0751512
0 0.291485 0.452614 0.0733659 0.0762406
0 0.414178 0.451592 0.0720488 0.0729705
0 0.725911 0.921584 0.0741923 0.068172
0 0.727221 0.0605545 0.0722845 0.0710724
0 0.416128 0.744296 0.072513 0.0738759
0 0.72525 0.415612 0.0725141 0.0699766
0 0.724465 0.852047 0.0714198 0.0681851
0 0.664579 0.310703 0.0714672 0.0677375
0 0.783848 0.523254 0.0688648 0.0722541
0 0.601724 0.978831 0.0757442 0.0423377
0 0.971079 0.978237 0.0575593 0.0425398
0 0.539434 0.888228 0.0717385 0.0708804
0 0.921352 0.601696 0.0706543 0.055387
0 0.91525 0.815398 0.0734369 0.0798407
0 0.229225 0.0107876 0.0676185 0.0215753
0 0.916577 0.175315 0.0712452 0.0716673
0 0.604168 0.0112771 0.0678458 0.0225542
0 0.969479 0.707972 0.0610424 0.0725393
0 0.728272 0.011949 0.0692096 0.023898
0 0.786815 0.672837 0.0711763 0.0699509
0 0.023224 0.25303 0.0453294 0.0841361
0 0.786285 0.743236 0.0697768 0.068064
0 0.105337 0.010896 0.0690892 0.0217921
0 0.788134 0.236249 0.0711038 0.0702728
0 0.917154 0.243686 0.0716345 0.0728835
0 0.727262 0.779649 0.0706611 0.0732564
0 0.027114 0.655795 0.054228 0.0961072
0 0.785156 0.887303 0.0688769 0.0679288
0 0.322767 0.942554 0.088675 0.0995071
0 0.358481 0.98156 0.0691531 0.0368799
0 0.784274 0.598126 0.0733827 0.0733019
0 0.126508 0.58292 0.084479 0.0812206
0 0.786858 0.306414 0.0699577 0.0672313
0 0.477048 0.635649 0.0716853 0.0738147
0 0.787765 0.376147 0.0735672 0.0737671
0 0.789021 0.16675 0.0707988 0.0704907
0 0.598871 0.784828 0.0692952 0.0682929
0 0.922357 0.543629 0.0706544 0.0747671
0 0.353095 0.0113337 0.0692945 0.0226673
0 0.305176 0.964643 0.0842828 0.0682249
0 0.921268 0.55883 0.0742515 0.0837419
0 0.216503 0.0158059 0.0572317 0.0293709
0 0.104313 0.870515 0.0712924 0.0608385
0 0.0396798 0.437994 0.0769541 0.0819392
0 0.094814 0.0155485 0.0610974 0.0297166
0 0.0384587 0.679814 0.076746 0.0950263
0 0.0401165 0.882124 0.0771558 0.087018
0 0.971489 0.419234 0.0568702 0.0753975
0 0.415923 0.905949 0.0717367 0.0857275
0 0.166485 0.441281 0.073464 0.0793991
0 0.134321 0.549136 0.0914884 0.0890558
0 0.0302387 0.620344 0.0593784 0.0687443
0 0.0359577 0.584631 0.0699597 0.0837678
0 0.0373715 0.210497 0.0707058 0.0757056
0 0.2306 0.427724 0.0692416 0.0661675
