0 0.739133 0.647137 0.0701351 0.0750399
0 0.223287 0.430364 0.0715101 0.0675572
0 0.916672 0.177118 0.069788 0.0719274
0 0.919058 0.395193 0.0717108 0.0727765
0 0.54409 0.182226 0.0701408 0.0757686
0 0.480627 0.290965 0.0736979 0.0745826
0 0.551414 0.611382 0.0698321 0.0716207
0 0.22444 0.289465 0.0695387 0.0717175
0 0.429777 0.613384 0.0733715 0.0707632
0 0.731187 0.212133 0.0699989 0.074059
0 0.479691 0.217944 0.0735831 0.0719144
0 0.854855 0.210301 0.0694767 0.0691568
0 0.488128 0.374804 0.0795819 0.0841945
0 0.67588 0.611063 0.0671482 0.0695813
0 0.161058 0.394177 0.0709929 0.0691496
0 0.670612 0.394262 0.0708901 0.0704571
0 0.977861 0.859539 0.0442785 0.0720521
0 0.805383 0.682943 0.068662 0.0711732
0 0.723291 0.782384 0.0863959 0.0776356
0 0.6693 0.113235 0.0675514 0.0652483
0 0.237993 0.788836 0.0668519 0.074873
0 0.6149 0.932935 0.0691798 0.0675092
0 0.669587 0.177456 0.0688331 0.067887
0 0.411418 0.251474 0.0814477 0.0783694
0 0.607093 0.145437 0.0700743 0.0699773
0 0.544527 0.112832 0.0691545 0.0711071
0 0.793532 0.392874 0.0685894 0.0717492
0 0.347016 0.144047 0.070646 0.0707814
0 0.740803 0.983607 0.067121 0.0327867
0 0.669222 0.245937 0.0698409 0.0750851
0 0.853958 0.281902 0.0696957 0.072834
0 0.285733 0.393446 0.0781018 0.0707961
0 0.730094 0.14293 0.069371 0.0708077
0 0.412364 0.3951 0.0771918 0.0716896
0 0.792605 0.24986 0.0704967 0.0688734
0 0.431633 0.900098 0.0722092 0.0731378
0 0.495205 0.796982 0.0701929 0.0670834
0 0.305223 0.829865 0.0741325 0.0691103
0 0.606496 0.283554 0.0704457 0.0701099
0 0.677534 0.8973 0.0665028 0.0681096
0 0.733532 0.286169 0.0678113 0.068435
0 0.808296 0.829219 0.0744421 0.0692279
0 0.931778 0.89445 0.0725253 0.07126
0 0.496997 0.935002 0.0749443 0.073756
0 0.606111 0.077318 0.071681 0.0738696
0 0.479652 0.0208087 0.0774973 0.0403805
0 0.604458 0.0212028 0.075377 0.0418173
0 0.347617 0.213374 0.0734314 0.0679682
0 0.162034 0.463218 0.0710392 0.0692303
0 0.605765 0.217797 0.0694017 0.0655912
0 0.558044 0.895074 0.0718595 0.0664753
0 0.671113 0.322871 0.0724016 0.0769005
0 0.17963 0.832958 0.0692187 0.0692272
0 0.241562 0.864971 0.0713294 0.0703024
0 0.543179 0.0404064 0.0705336 0.0714822
0 0.867524 0.792202 0.0673656 0.067757
0 0.100354 0.427257 0.0717218 0.0701194
0 0.560303 0.830895 0.0722654 0.0684936
0 0.480931 0.0766928 0.0736675 0.0772447
0 0.667241 0.0412235 0.0698835 0.0678424
0 0.864369 0.645481 0.0684237 0.0707102
0 0.867888 0.930761 0.0729203 0.0740676
0 0.286284 0.325086 0.0778078 0.0725343
0 0.793521 0.321334 0.0684966 0.0738026
0 0.0991609 0.145488 0.0728118 0.0703651
0 0.792527 0.177288 0.0713668 0.0696121
0 0.862698 0.57298 0.0679466 0.0722903
0 0.864449 0.72085 0.0694692 0.0698402
0 0.869092 0.860849 0.0705211 0.068168
0 0.364923 0.580361 0.0716684 0.0683422
0 0.430682 0.757177 0.0779386 0.076889
0 0.68303 0.831204 0.0700793 0.0705136
0 0.162119 0.326768 0.0724992 0.0715728
0 0.367424 0.935908 0.0706406 0.0720479
0 0.75208 0.795867 0.0624003 0.0713189
0 0.929451 0.824904 0.0682769 0.070004
0 0.1618 0.110345 0.0755737 0.0693606
0 0.970954 0.357781 0.0580927 0.0763722
0 0.431553 0.831018 0.0736957 0.0691252
0 0.855801 0.427512 0.0716348 0.0712144
0 0.802466 0.608555 0.0718501 0.0720556
0 0.808941 0.75603 0.0700824 0.0736213
0 0.733958 0.359447 0.0670314 0.0736876
0 0.368867 0.864384 0.0691088 0.0672371
0 0.854856 0.145092 0.0688622 0.0683792
0 0.977564 0.78524 0.0448719 0.0717628
0 0.369182 0.797022 0.0705603 0.0697033
0 0.616271 0.64457 0.0749469 0.0716972
0 0.12419 0.93834 0.0752239 0.0722733
0 0.117646 0.798943 0.0719268 0.0709106
0 0.0377438 0.111784 0.0703206 0.0718706
0 0.0994627 0.36142 0.0720502 0.0679113
0 0.930041 0.961549 0.0724053 0.065949
0 0.807249 0.961439 0.0752251 0.0731261
0 0.976523 0.570502 0.0469538 0.0700107
0 0.407168 0.0385119 0.0878863 0.0770238
0 0.181753 0.61335 0.0771284 0.0690191
0 0.0388716 0.330248 0.0696207 0.0708929
0 0.619184 0.794888 0.0737778 0.0740089
0 0.348555 0.35947 0.0768199 0.0684441
0 0.0403177 0.395955 0.0701372 0.0700209
0 0.240345 0.581669 0.0661397 0.0648041
0 0.0173421 0.800145 0.0346842 0.0693678
0 0.973945 0.433077 0.0521095 0.0726643
0 0.243072 0.937068 0.0714521 0.0698423
0 0.413376 0.324113 0.07792 0.0773163
0 0.914803 0.10423 0.0729909 0.0709058
0 0.976678 0.643845 0.0466435 0.0720454
0 0.345982 0.0739187 0.0723222 0.073551
0 0.305241 0.898454 0.0720452 0.0685413
0 0.928174 0.75167 0.069169 0.0704393
0 0.72802 0.0736395 0.0716109 0.0708001
0 0.925663 0.60803 0.0707024 0.0725045
0 0.160678 0.17861 0.0740756 0.0698545
0 0.855395 0.357567 0.0727139 0.0761902
0 0.726316 0.0207564 0.0755903 0.0399936
0 0.926787 0.678212 0.0704777 0.0688841
0 0.48202 0.148342 0.0714368 0.0712232
0 0.976963 0.712849 0.0460731 0.0697829
0 0.118715 0.651934 0.0679175 0.0704541
0 0.969409 0.0682453 0.0611823 0.0728447
0 0.970561 0.213321 0.0588781 0.0720679
0 0.695867 0.759392 0.0809047 0.0810258
0 0.494687 0.863327 0.0726269 0.0685763
0 0.056318 0.833841 0.0695058 0.0677395
0 0.349169 0.289511 0.0734783 0.072816
0 0.914732 0.0357167 0.0751224 0.0709276
0 0.0604656 0.764284 0.0707666 0.0713025
0 0.223432 0.145298 0.0761731 0.0685959
0 0.969551 0.140883 0.0608982 0.0754017
0 0.5589 0.965666 0.0726781 0.0668495
0 0.605225 0.358593 0.0733395 0.0745212
0 0.18401 0.967733 0.0700513 0.0639734
0 0.0969839 0.0211264 0.0749906 0.0410373
0 0.0396815 0.180383 0.0695916 0.0690352
0 0.121406 0.72444 0.0702094 0.0744853
0 0.0596155 0.616825 0.0660374 0.0681762
0 0.283611 0.178363 0.0746812 0.0694931
0 0.788321 0.0384952 0.0797255 0.0751696
0 0.681026 0.962377 0.072127 0.0611525
0 0.852678 0.0700741 0.0733747 0.0710914
0 0.181543 0.760894 0.0688156 0.0715686
0 0.853658 0.0185432 0.0740902 0.03457
0 0.120824 0.86494 0.0755284 0.0682976
0 0.3073 0.967085 0.0748212 0.0646849
0 0.55322 0.762763 0.0665665 0.0680363
0 0.0990683 0.293492 0.073443 0.0732282
0 0.0639577 0.687653 0.0705081 0.0721043
0 0.0188266 0.652584 0.0376532 0.0731229
0 0.916195 0.32114 0.0727375 0.0742108
0 0.161953 0.041784 0.0720209 0.0667171
0 0.495725 0.726934 0.0696168 0.0699682
0 0.222987 0.0731421 0.0785914 0.0740858
0 0.0185246 0.727072 0.0370493 0.0774951
0 0.490909 0.649257 0.07004 0.0729768
0 0.283658 0.0385973 0.0785235 0.0743116
0 0.0382941 0.255814 0.0711171 0.0739772
0 0.0988934 0.219602 0.074649 0.0762653
0 0.347653 0.427658 0.07345 0.0691434
0 0.286455 0.11025 0.0742288 0.0703293
0 0.969403 0.284971 0.0611943 0.0738064
0 0.0566167 0.901661 0.0739495 0.0685998
0 0.241744 0.648937 0.0702621 0.0704811
0 0.0988034 0.0737309 0.0739585 0.0713133
0 0.222696 0.213741 0.0722175 0.0679774
0 0.284822 0.25367 0.0777865 0.075258
0 0.360756 0.722354 0.0731857 0.0677712
0 0.0166243 0.93712 0.0332487 0.0712172
0 0.160992 0.255659 0.0736636 0.0725351
0 0.181903 0.686525 0.070017 0.0715647
0 0.182742 0.903105 0.0673428 0.0678072
0 0.0610284 0.96874 0.0756398 0.0625192
0 0.346489 0.0183124 0.0682999 0.0366248
0 0.790311 0.107574 0.0729787 0.0749412
0 0.0370666 0.0413711 0.0708663 0.0703803
0 0.679063 0.678435 0.0705903 0.0685534
0 0.616311 0.575024 0.0694506 0.0705428
0 0.733949 0.426299 0.0692604 0.0687072
0 0.969261 0.0186535 0.0594969 0.0364004
0 0.176714 0.545491 0.071534 0.0710363
0 0.605385 0.424196 0.0723829 0.0684075
0 0.490338 0.576044 0.0705793 0.0733758
0 0.808528 0.894374 0.0745523 0.0682136
0 0.0410501 0.47219 0.0704619 0.0755528
0 0.69554 0.767352 0.0683331 0.0711892
0 0.221815 0.0204131 0.0769466 0.0379631
0 0.0161281 0.870071 0.0322561 0.066939
0 0.924678 0.534378 0.0694215 0.0701689
0 0.975818 0.984379 0.044243 0.0312419
0 0.22625 0.0820956 0.0686783 0.0689213
0 0.926822 0.544746 0.069786 0.0539396
0 0.737661 0.572987 0.0697745 0.072659
0 0.869783 0.982813 0.0747758 0.0343041
0 0.49679 0.985036 0.0678496 0.0299277
0 0.244395 0.98534 0.071522 0.0293193
0 0.620994 0.984209 0.0729356 0.0315816
0 0.369356 0.985425 0.0696491 0.02915
0 0.30346 0.763856 0.0722729 0.0679513
0 0.118625 0.578829 0.0719774 0.0690037
0 0.693708 0.314379 0.101678 0.0911803
0 0.409665 0.108553 0.076192 0.0701267
0 0.481512 0.357787 0.0768784 0.0778142
0 0.0172296 0.577228 0.0344592 0.070847
0 0.124626 0.986506 0.0696751 0.0269879
0 0.668721 0.308001 0.0774957 0.0786164
0 0.683889 0.752664 0.0702133 0.0718255
0 0.800743 0.530002 0.0708529 0.0782473
0 0.554046 0.541399 0.0704229 0.0668886
0 0.301177 0.546289 0.0664506 0.0626247
0 0.67664 0.380171 0.0771914 0.0840663
0 0.354341 0.652657 0.0797279 0.0784216
0 0.429701 0.966255 0.0718739 0.0615582
0 0.0155023 0.986472 0.0310045 0.0270555
0 0.739122 0.784701 0.0823653 0.0905244
0 0.532698 0.128288 0.0647311 0.079556
0 0.78027 0.359864 0.0885992 0.0851934
