0 0.202223 0.554642 0.0645818 0.073301
0 0.263246 0.224151 0.0651685 0.0671507
0 0.325096 0.0435345 0.0658355 0.0699939
0 0.264886 0.150894 0.0651531 0.0726131
0 0.0275274 0.149014 0.0550548 0.0724589
0 0.860369 0.918723 0.0675356 0.0727607
0 0.57076 0.550939 0.0759926 0.0749122
0 0.201935 0.338375 0.0653469 0.0757767
0 0.796266 0.809698 0.0681136 0.0708063
0 0.143385 0.0764565 0.0690005 0.0724695
0 0.323305 0.188735 0.069636 0.0771486
0 0.267318 0.021822 0.0678349 0.043109
0 0.198877 0.769823 0.0732937 0.0728059
0 0.203158 0.260704 0.06594 0.0764517
0 0.0801079 0.185401 0.0655366 0.0653905
0 0.140511 0.593469 0.0678575 0.0704408
0 0.828717 0.0386653 0.0672992 0.066887
0 0.204527 0.114951 0.0681908 0.0754584
0 0.643925 0.0261239 0.0753878 0.0522477
0 0.140593 0.447684 0.0647152 0.0663441
0 0.141691 0.374919 0.0653157 0.0710568
0 0.14341 0.219111 0.0691335 0.0782453
0 0.970993 0.685078 0.0580131 0.0702648
0 0.56848 0.332807 0.0805304 0.0739824
0 0.924293 0.949688 0.0716386 0.071558
0 0.142231 0.304334 0.0649777 0.0732043
0 0.382973 0.443645 0.0727887 0.0751636
0 0.893741 0.148919 0.0678892 0.0677465
0 0.889212 0.0197889 0.0688977 0.0375338
0 0.735638 0.849798 0.0662532 0.0699296
0 0.646337 0.0850324 0.0726902 0.0717087
0 0.733134 0.775131 0.068655 0.074186
0 0.5632 0.114266 0.0706539 0.0771554
0 0.508615 0.58785 0.0730238 0.0710657
0 0.446119 0.551093 0.0690655 0.0710536
0 0.260356 0.951444 0.0718186 0.0735481
0 0.197976 0.412102 0.0681984 0.0681692
0 0.204049 0.185427 0.0658317 0.0680875
0 0.797184 0.882321 0.067456 0.0763264
0 0.767937 0.0794831 0.0672512 0.0697765
0 0.0806954 0.116997 0.0665469 0.0713529
0 0.859435 0.843475 0.069 0.0738919
0 0.767864 0.022508 0.0676886 0.0450161
0 0.857623 0.771332 0.0697963 0.0715282
0 0.917237 0.730463 0.0733035 0.0791354
0 0.573737 0.628089 0.0785259 0.0799751
0 0.95268 0.0375423 0.0741215 0.0726264
0 0.133104 0.664754 0.0699857 0.0681858
0 0.921405 0.803044 0.0683572 0.0691612
0 0.205279 0.03893 0.06817 0.0714647
0 0.0800533 0.41464 0.0688668 0.0732563
0 0.0764779 0.627921 0.069356 0.071274
0 0.95653 0.109777 0.0722113 0.0719123
0 0.197474 0.843155 0.072027 0.070187
0 0.644404 0.156692 0.077103 0.0740221
0 0.830697 0.112932 0.0689932 0.0728289
0 0.142989 0.518798 0.0675047 0.0710562
0 0.73701 0.92251 0.0684787 0.0720972
0 0.914696 0.653568 0.0729403 0.0732553
0 0.321919 0.409622 0.0729046 0.0743845
0 0.321156 0.976616 0.07206 0.046737
0 0.384984 0.147316 0.0694777 0.0716782
0 0.197208 0.975132 0.0731696 0.0496624
0 0.89852 0.292887 0.0679767 0.0699266
0 0.0254696 0.588254 0.0509393 0.0720301
0 0.509832 0.952348 0.0711329 0.0730785
0 0.259563 0.298182 0.06678 0.0705104
0 0.568165 0.0382773 0.083406 0.075279
0 0.385304 0.0784589 0.0677572 0.0702022
0 0.569127 0.772295 0.075539 0.0714009
0 0.0242133 0.661698 0.0484266 0.0754907
0 0.706661 0.0474498 0.0684097 0.0691924
0 0.325081 0.113527 0.0691911 0.0708238
0 0.507007 0.448031 0.073669 0.0737551
0 0.651039 0.302067 0.0763757 0.0701762
0 0.201144 0.480415 0.0664507 0.0715233
0 0.197743 0.69928 0.0734296 0.0741904
0 0.445264 0.769921 0.0713149 0.0716833
0 0.0807264 0.48624 0.0692487 0.0709059
0 0.0278394 0.0831511 0.0556787 0.074912
0 0.446202 0.112958 0.0712782 0.07083
0 0.975578 0.837061 0.0488436 0.0693614
0 0.0723767 0.768332 0.0714852 0.0717567
0 0.0276357 0.522375 0.0552714 0.0704508
0 0.258107 0.444341 0.0735144 0.071586
0 0.447784 0.97473 0.072478 0.0505407
0 0.445215 0.332412 0.0710731 0.0702238
0 0.901923 0.363818 0.0711155 0.0701427
0 0.842088 0.330416 0.0726887 0.0692576
0 0.0732298 0.698987 0.0714014 0.0714099
0 0.800047 0.959683 0.0701898 0.0748032
0 0.848775 0.550665 0.0702219 0.0706129
0 0.77041 0.150431 0.0676312 0.0722576
0 0.0708073 0.976964 0.0753491 0.0457101
0 0.724837 0.553549 0.0741659 0.0715516
0 0.969302 0.61709 0.061395 0.0699937
0 0.081279 0.0446075 0.0701018 0.0711126
0 0.506994 0.736748 0.0727959 0.0700443
0 0.958306 0.252775 0.0676398 0.0699742
0 0.771409 0.223395 0.0691463 0.0692754
0 0.836978 0.260421 0.0707965 0.0733555
0 0.507529 0.664444 0.0723945 0.0740423
0 0.833217 0.184263 0.0696199 0.0720329
0 0.707558 0.115609 0.0691168 0.0692656
0 0.956661 0.178455 0.0688796 0.0673884
0 0.66839 0.73983 0.070325 0.070372
0 0.505129 0.36584 0.0724267 0.0719728
0 0.0260525 0.452133 0.052105 0.075081
0 0.852919 0.695918 0.0724707 0.0722834
0 0.739692 0.978542 0.0728525 0.0427319
0 0.648037 0.233207 0.0771424 0.0739663
0 0.44747 0.915488 0.0729072 0.070731
0 0.13378 0.882417 0.0739772 0.0721028
0 0.72057 0.483039 0.0765327 0.0699794
0 0.144517 0.0203244 0.0706608 0.040382
0 0.71512 0.336749 0.0748514 0.0730254
0 0.908665 0.513085 0.0752053 0.0712285
0 0.19729 0.917123 0.0728636 0.0755905
0 0.654146 0.373963 0.0750834 0.0798066
0 0.923481 0.874173 0.0693619 0.0772558
0 0.963267 0.3999 0.0733397 0.0742075
0 0.896721 0.218345 0.0686048 0.0716483
0 0.0232509 0.733673 0.0465018 0.0721283
0 0.0230425 0.879737 0.046085 0.0727344
0 0.976269 0.910191 0.0474615 0.0741175
0 0.0233633 0.807055 0.0467265 0.0757308
0 0.95884 0.323016 0.0675309 0.0727892
0 0.0732864 0.845831 0.0703701 0.0791906
0 0.133736 0.806644 0.0729203 0.0746181
0 0.711022 0.265169 0.0700014 0.0702654
0 0.444156 0.260661 0.0737072 0.0762777
0 0.79018 0.662829 0.0741392 0.0718166
0 0.444406 0.482427 0.0710528 0.0724915
0 0.321402 0.918026 0.072301 0.0753419
0 0.384279 0.952973 0.0741611 0.075646
0 0.384082 0.87967 0.0736289 0.0775995
0 0.50859 0.882547 0.0734003 0.0711607
0 0.445832 0.844362 0.0726749 0.0751235
0 0.0258687 0.37632 0.0517374 0.0741557
0 0.257717 0.878676 0.0723807 0.0739379
0 0.50665 0.148385 0.0703154 0.0693206
0 0.846627 0.480051 0.0735748 0.0721041
0 0.669678 0.814173 0.0722191 0.0810132
0 0.675202 0.959866 0.0750877 0.0761814
0 0.0814199 0.553554 0.0688142 0.0662289
0 0.507656 0.809252 0.0728035 0.0735381
0 0.710667 0.191104 0.0686889 0.0735804
0 0.445052 0.186609 0.07268 0.073841
0 0.728056 0.702368 0.0733145 0.0742568
0 0.0711808 0.919355 0.0736517 0.0760429
0 0.445585 0.405993 0.0722815 0.0789876
0 0.911329 0.585473 0.0761458 0.0699155
0 0.44562 0.699625 0.0732076 0.0722611
0 0.851551 0.623651 0.0733669 0.0747286
0 0.662903 0.596447 0.0735509 0.0720043
0 0.79186 0.734446 0.072051 0.0747001
0 0.775509 0.298714 0.0744789 0.0727707
0 0.972938 0.764051 0.0541234 0.078496
0 0.783219 0.444738 0.0724028 0.0714359
0 0.134297 0.953357 0.0725438 0.0742307
0 0.843923 0.398613 0.0745841 0.0685459
0 0.506924 0.0204334 0.0753577 0.0385588
0 0.134044 0.734703 0.0720673 0.0730367
0 0.907961 0.438543 0.0731621 0.0743687
0 0.975816 0.972201 0.0483676 0.0535907
0 0.788879 0.586095 0.0715363 0.0690942
0 0.441512 0.0400264 0.0809241 0.0765909
0 0.021803 0.955597 0.0436059 0.0748281
0 0.571486 0.842928 0.0730479 0.0740997
0 0.259539 0.370847 0.0702198 0.0755802
0 0.661727 0.52001 0.0788045 0.076097
0 0.507057 0.295484 0.0730435 0.0702108
0 0.56625 0.409324 0.0808196 0.0811361
0 0.505798 0.222101 0.0688334 0.0713317
0 0.259845 0.517981 0.0698516 0.0740122
0 0.383892 0.301102 0.0714658 0.0733197
0 0.71874 0.408878 0.0753092 0.0738089
0 0.786657 0.517509 0.0783205 0.0717324
0 0.508797 0.0739037 0.072383 0.0727888
0 0.781626 0.372296 0.074363 0.0737017
0 0.965915 0.473221 0.0681697 0.0745301
0 0.382101 0.224593 0.0727476 0.0709207
0 0.72653 0.630785 0.0738697 0.0719397
0 0.966607 0.542504 0.0667857 0.0753913
0 0.32213 0.335915 0.0692987 0.0677751
0 0.384144 0.805765 0.0712709 0.069762
0 0.565932 0.25883 0.0725415 0.0726263
0 0.447315 0.628928 0.0727589 0.0715222
0 0.0271521 0.0220051 0.0497964 0.0440102
0 0.664974 0.670093 0.0713403 0.0741502
0 0.563549 0.183747 0.0704883 0.0692762
0 0.674481 0.888109 0.072457 0.0737474
0 0.320562 0.844656 0.0734255 0.0738556
0 0.889516 0.0718665 0.0653274 0.0708561
0 0.571057 0.917229 0.0663512 0.0690095
0 0.655568 0.448924 0.07357 0.0709271
0 0.265159 0.0779478 0.0656413 0.0704394
0 0.930084 0.788805 0.0770072 0.0880404
0 0.708396 0.794617 0.0942471 0.102464
0 0.260721 0.5952 0.0688695 0.0729022
0 0.0407897 0.597829 0.0776017 0.0844004
0 0.678262 0.819537 0.0713934 0.0676279
0 0.0853378 0.406236 0.0749259 0.0798299
0 0.565554 0.702234 0.0651648 0.0688832
0 0.848236 0.780717 0.0767374 0.0905981
0 0.566181 0.482363 0.0663425 0.0672886
0 0.282212 0.0265287 0.081131 0.0511608
0 0.197932 0.934393 0.0722569 0.067528
0 0.260884 0.666545 0.0686399 0.0693127
0 0.791302 0.800748 0.0791862 0.071179
0 0.854833 0.759637 0.0709043 0.069253
0 0.787274 0.0241831 0.0934832 0.0471986
0 0.923852 0.964579 0.0724704 0.0693079
0 0.322742 0.47776 0.0713323 0.0707822
0 0.849427 0.0347937 0.10089 0.0682465
0 0.912129 0.791027 0.0903487 0.0756248
0 0.102612 0.618162 0.113453 0.0809066
0 0.0859728 0.263759 0.0699585 0.0734304
0 0.871515 0.825737 0.0906172 0.095207
0 0.708567 0.0345034 0.0704851 0.0640337
0 0.383418 0.368156 0.0726796 0.0691885
0 0.840146 0.829804 0.104194 0.0805509
0 0.891355 0.904265 0.112384 0.0946852
