0 0.0276008 0.428092 0.0552016 0.0709729
0 0.701732 0.460108 0.0674906 0.0749168
0 0.329352 0.902664 0.0671014 0.0751896
0 0.0255531 0.145935 0.0511063 0.0711772
0 0.0271598 0.0176376 0.0499837 0.0352752
0 0.959619 0.849856 0.068135 0.0688941
0 0.636955 0.210625 0.0698407 0.0712524
0 0.51983 0.543601 0.0677843 0.0631034
0 0.452416 0.174263 0.0660858 0.0693418
0 0.079281 0.105535 0.0693166 0.0739034
0 0.946878 0.566982 0.0732507 0.0788724
0 0.453008 0.244318 0.0681508 0.0755915
0 0.572798 0.174643 0.0687966 0.0721634
0 0.141243 0.864133 0.0645927 0.0702143
0 0.326145 0.679828 0.070249 0.0700004
0 0.568988 0.0308126 0.0745404 0.0616252
0 0.327655 0.828106 0.0678062 0.070014
0 0.331873 0.460858 0.0690458 0.0666483
0 0.269853 0.42867 0.0676339 0.0705448
0 0.323238 0.610246 0.0710722 0.0730038
0 0.394108 0.427035 0.0684906 0.0715541
0 0.821437 0.384105 0.0740266 0.0742247
0 0.391361 0.209471 0.0677736 0.0695786
0 0.0797638 0.0361506 0.0686066 0.0654516
0 0.640552 0.423685 0.0641047 0.0721898
0 0.0224203 0.580748 0.0448407 0.0733899
0 0.936549 0.103505 0.0713565 0.0730753
0 0.0260845 0.212616 0.052169 0.0667959
0 0.512431 0.140997 0.0696857 0.0730677
0 0.887064 0.605289 0.0646533 0.0659428
0 0.389523 0.795628 0.0755219 0.0764632
0 0.518044 0.682087 0.0645683 0.0641701
0 0.0798784 0.830155 0.068693 0.0728879
0 0.761574 0.532022 0.0682049 0.0731771
0 0.458293 0.650468 0.0724179 0.0729069
0 0.201996 0.759519 0.0699142 0.075766
0 0.509151 0.065571 0.0746285 0.0836924
0 0.139904 0.140729 0.0671806 0.0701066
0 0.264046 0.794114 0.068435 0.0689111
0 0.329103 0.971487 0.0741306 0.0570269
0 0.517911 0.358282 0.0690604 0.0738863
0 0.329134 0.176862 0.0666566 0.071259
0 0.703348 0.641306 0.065016 0.0662922
0 0.519868 0.426027 0.0698625 0.0680188
0 0.143905 0.942285 0.0680991 0.0717354
0 0.758001 0.209168 0.0717111 0.0701619
0 0.449158 0.103475 0.0704796 0.0760338
0 0.526657 0.826383 0.0760773 0.0741371
0 0.325767 0.758384 0.0709572 0.0732776
0 0.267008 0.209076 0.0676502 0.06822
0 0.456028 0.392191 0.0689612 0.0668278
0 0.388638 0.0633965 0.0696985 0.0721432
0 0.887497 0.423444 0.0706506 0.071187
0 0.142087 0.0189702 0.0666115 0.035679
0 0.580904 0.391166 0.0683422 0.0720979
0 0.758882 0.280529 0.0705829 0.0721287
0 0.326199 0.53497 0.0702368 0.073215
0 0.875078 0.140834 0.0691199 0.0691679
0 0.760237 0.420991 0.0686231 0.0698615
0 0.326028 0.102111 0.0722309 0.0724166
0 0.206721 0.320011 0.0694583 0.0736078
0 0.944986 0.318033 0.0754728 0.0791504
0 0.828663 0.639108 0.0685246 0.0712974
0 0.205018 0.243531 0.06765 0.0686939
0 0.0254651 0.79655 0.0509302 0.0731544
0 0.706925 0.708978 0.0675163 0.0703878
0 0.948506 0.458203 0.0688919 0.0716413
0 0.981999 0.137924 0.036002 0.0731258
0 0.831749 0.708118 0.0694867 0.0694758
0 0.820096 0.316294 0.0733092 0.0754919
0 0.144389 0.355967 0.0687644 0.069816
0 0.898031 0.89037 0.0696108 0.0691378
0 0.947992 0.392132 0.0699108 0.0690631
0 0.584981 0.713655 0.0710137 0.0728507
0 0.145161 0.42787 0.0711433 0.07445
0 0.322346 0.036223 0.0764779 0.072446
0 0.895647 0.959781 0.070348 0.0679488
0 0.26458 0.719947 0.0690895 0.0760336
0 0.206831 0.392905 0.0703948 0.0709023
0 0.816916 0.175263 0.0668347 0.070052
0 0.0830124 0.393022 0.0701005 0.0715345
0 0.582123 0.458958 0.0693202 0.068088
0 0.580844 0.574016 0.0661616 0.0640373
0 0.769227 0.745929 0.0695319 0.0730838
0 0.260327 0.0194316 0.0737211 0.0374555
0 0.330154 0.244058 0.0682122 0.0697486
0 0.457386 0.459268 0.0710957 0.0707562
0 0.390934 0.139374 0.0682676 0.0751067
0 0.0297265 0.941186 0.0594531 0.0753808
0 0.331708 0.393502 0.0683969 0.0721707
0 0.131245 0.663389 0.0743122 0.0815399
0 0.0812728 0.900742 0.0690648 0.0700902
0 0.889215 0.674657 0.0629568 0.0694587
0 0.268646 0.283799 0.069226 0.0730255
0 0.0828326 0.316993 0.0689998 0.0715289
0 0.710127 0.78349 0.0674807 0.0678228
0 0.836505 0.855895 0.0691907 0.0702046
0 0.772266 0.962517 0.0686476 0.070421
0 0.0268951 0.870186 0.0537901 0.0765431
0 0.775388 0.891839 0.07056 0.0710833
0 0.986282 0.426612 0.0258291 0.0631091
0 0.649631 0.670683 0.0709311 0.0712416
0 0.264651 0.140582 0.0679699 0.0725378
0 0.515902 0.284627 0.0651053 0.070815
0 0.834276 0.925431 0.0711391 0.0699751
0 0.0843808 0.969951 0.0696278 0.0591998
0 0.981552 0.0665616 0.0368969 0.0740962
0 0.591997 0.862 0.0755618 0.0708485
0 0.144329 0.283176 0.0697692 0.0699975
0 0.522072 0.74691 0.0698445 0.0695974
0 0.773176 0.819599 0.0694714 0.0693521
0 0.142082 0.210545 0.0689421 0.07465
0 0.642098 0.606515 0.0661235 0.0709847
0 0.835348 0.782139 0.0696595 0.0714498
0 0.523978 0.967718 0.0681297 0.0632992
0 0.885071 0.528661 0.0697135 0.0803272
0 0.269724 0.35943 0.0710944 0.0733218
0 0.649557 0.752092 0.0694941 0.0699193
0 0.266326 0.862867 0.0703278 0.0728368
0 0.884915 0.354867 0.0735393 0.071767
0 0.581967 0.643036 0.0722858 0.0717046
0 0.466056 0.863367 0.0714626 0.0694534
0 0.897757 0.819022 0.0684409 0.0721636
0 0.714102 0.931896 0.0730954 0.0730927
0 0.590666 0.790257 0.0748088 0.0753362
0 0.653265 0.893702 0.0768398 0.0727067
0 0.454848 0.32158 0.0717164 0.0764176
0 0.137911 0.734275 0.0685617 0.0625069
0 0.0298917 0.357876 0.0597834 0.0735979
0 0.713286 0.856764 0.0718985 0.0713561
0 0.876414 0.0696858 0.0743906 0.0748553
0 0.0279337 0.280192 0.0558674 0.0735599
0 0.651874 0.821056 0.067431 0.0687501
0 0.815975 0.104735 0.0708158 0.0762565
0 0.0792016 0.244557 0.0649789 0.0666268
0 0.881615 0.277061 0.0745749 0.0778646
0 0.811465 0.0314844 0.076052 0.0629689
0 0.690355 0.0328445 0.0796032 0.065689
0 0.936798 0.0347152 0.081777 0.0694304
0 0.75604 0.138187 0.0744424 0.0763591
0 0.390948 0.713593 0.0758369 0.0807548
0 0.755613 0.0644593 0.0752156 0.0742225
0 0.766282 0.675021 0.0666451 0.0695741
0 0.0719066 0.615358 0.0701835 0.0718875
0 0.327345 0.323387 0.0616586 0.0679311
0 0.140596 0.793872 0.0669718 0.0676095
0 0.139988 0.0712804 0.0638865 0.0661046
0 0.656106 0.96125 0.071946 0.0656542
0 0.0814954 0.458166 0.0695183 0.0647493
0 0.697062 0.175865 0.0678153 0.0714322
0 0.875218 0.0137479 0.070677 0.0274958
0 0.827427 0.571848 0.0681131 0.0677476
0 0.713756 0.982647 0.0634236 0.0347062
0 0.0749249 0.540577 0.0754778 0.083694
0 0.594517 0.983735 0.0671396 0.0325298
0 0.393041 0.358081 0.0677251 0.0680342
0 0.46931 0.933746 0.076183 0.0758373
0 0.207302 0.46044 0.0705714 0.068064
0 0.203681 0.174066 0.0676417 0.0709984
0 0.402283 0.132746 0.0820129 0.0879474
0 0.633283 0.0148503 0.0691518 0.0297006
0 0.38264 0.571997 0.0714859 0.073504
0 0.265302 0.939907 0.0698391 0.0718904
0 0.261524 0.0708956 0.0704247 0.0654357
0 0.753632 0.0139963 0.0708337 0.0279926
0 0.83585 0.9812 0.0756875 0.0369396
0 0.57858 0.319539 0.0652785 0.0683458
0 0.459971 0.718203 0.0716122 0.0726289
0 0.464944 0.792675 0.0759069 0.0742847
0 0.0244861 0.725501 0.0489722 0.0714831
0 0.339505 0.109169 0.0800658 0.0768065
0 0.0778974 0.761523 0.0664414 0.0653749
0 0.132751 0.58204 0.0670678 0.0673492
0 0.759176 0.353612 0.0713009 0.0672358
0 0.986566 0.35521 0.0268675 0.075978
0 0.985116 0.20873 0.0297675 0.068725
0 0.568569 0.103741 0.0678668 0.0697409
0 0.228246 0.775949 0.099027 0.0869445
0 0.44474 0.117355 0.0778661 0.0922926
0 0.387982 0.0129456 0.0714188 0.0250111
0 0.0733404 0.551082 0.0692713 0.0684795
0 0.460454 0.579117 0.0698225 0.0711868
0 0.694115 0.101528 0.071321 0.0726348
0 0.987423 0.521157 0.0251541 0.0801119
0 0.265323 0.987463 0.0641498 0.0250742
0 0.26393 0.647731 0.0693314 0.0688925
0 0.982131 0.0148536 0.0357378 0.0297072
0 0.4657 0.985426 0.0700213 0.0291473
0 0.145325 0.986235 0.0696233 0.02753
0 0.332273 0.166132 0.0718498 0.083014
0 0.639824 0.347962 0.0646427 0.0750853
0 0.986812 0.601941 0.026377 0.0834999
0 0.701267 0.570885 0.0688378 0.0736142
0 0.817631 0.117419 0.0649843 0.0602295
0 0.258236 0.572797 0.0759048 0.0781565
0 0.0300412 0.986936 0.0568272 0.0261282
0 0.880118 0.618414 0.0747662 0.0849309
0 0.985613 0.277201 0.0287739 0.0635583
0 0.956521 0.775972 0.0685999 0.0700066
