0 0.857342 0.555226 0.0682709 0.074271
0 0.918274 0.519912 0.067524 0.0710993
0 0.233648 0.568422 0.0693347 0.0729834
0 0.609454 0.77583 0.0677297 0.0758845
0 0.779842 0.0918011 0.077871 0.0796489
0 0.167471 0.459391 0.0704474 0.0722456
0 0.104272 0.208026 0.0705705 0.0700685
0 0.41058 0.0315457 0.0782202 0.0630914
0 0.545973 0.884692 0.0679637 0.0733299
0 0.843174 0.0124377 0.0651939 0.0248754
0 0.547861 0.743014 0.0673562 0.0742958
0 0.788583 0.376939 0.0741014 0.0752946
0 0.29672 0.818195 0.0666612 0.0730219
0 0.289682 0.0991139 0.0722404 0.076671
0 0.60792 0.916116 0.0669527 0.0658979
0 0.673697 0.598103 0.0686274 0.0712788
0 0.857078 0.914852 0.0702566 0.0711615
0 0.610161 0.633649 0.0677998 0.0721402
0 0.609599 0.706463 0.0666049 0.0701253
0 0.483609 0.853884 0.0681368 0.0719402
0 0.780358 0.029412 0.0793072 0.0588239
0 0.175431 0.744729 0.068799 0.069366
0 0.857705 0.626625 0.0675902 0.0664594
0 0.298209 0.745432 0.0657954 0.0697238
0 0.540019 0.380499 0.0722268 0.0730188
0 0.235783 0.856597 0.0655094 0.0712209
0 0.226195 0.206658 0.0684496 0.0700672
0 0.359832 0.853629 0.0699238 0.0773115
0 0.734272 0.847986 0.0714126 0.076468
0 0.415254 0.383054 0.0731247 0.0735204
0 0.795779 0.881714 0.0684779 0.0708464
0 0.36018 0.927095 0.065594 0.0672338
0 0.480231 0.12759 0.0705681 0.0721034
0 0.670499 0.811988 0.0703287 0.0717921
0 0.102428 0.353518 0.0713293 0.0726866
0 0.608936 0.974419 0.0713971 0.0511619
0 0.483407 0.924437 0.0677031 0.0698915
0 0.4855 0.782649 0.0674963 0.072741
0 0.794925 0.665203 0.0703535 0.0727389
0 0.415837 0.096489 0.0732598 0.0687379
0 0.236005 0.927344 0.066192 0.069222
0 0.671428 0.737956 0.067131 0.069469
0 0.544204 0.948926 0.0710951 0.0637416
0 0.794482 0.948967 0.0694472 0.0724449
0 0.796904 0.807278 0.0669286 0.0722436
0 0.672418 0.669436 0.0683531 0.0705867
0 0.237238 0.781361 0.067402 0.0717732
0 0.733977 0.773638 0.0673958 0.069988
0 0.663167 0.37719 0.0715308 0.0716828
0 0.289323 0.243285 0.0730288 0.0667255
0 0.796191 0.595274 0.0684397 0.0692922
0 0.734694 0.630637 0.0672019 0.0688331
0 0.857635 0.771015 0.0689111 0.0685146
0 0.856957 0.841521 0.0685433 0.0730212
0 0.104309 0.279702 0.0699926 0.0683269
0 0.361296 0.639583 0.0679127 0.0706942
0 0.794976 0.73761 0.0691981 0.0709319
0 0.421951 0.958391 0.0691139 0.069386
0 0.731624 0.921699 0.0719085 0.0720972
0 0.361155 0.568281 0.0671876 0.0703589
0 0.22743 0.1374 0.07077 0.0737412
0 0.600032 0.132138 0.0680562 0.0668084
0 0.421907 0.601771 0.0660692 0.0710723
0 0.112538 0.643426 0.070218 0.071138
0 0.361208 0.707947 0.0680791 0.0683026
0 0.29212 0.388217 0.0726647 0.0735517
0 0.421569 0.889756 0.0681701 0.0724914
0 0.669117 0.952094 0.0689888 0.070507
0 0.169799 0.530638 0.0684026 0.0649117
0 0.539299 0.307437 0.0716107 0.0711595
0 0.174077 0.675381 0.0670155 0.0691394
0 0.483612 0.63273 0.0701175 0.0747039
0 0.166513 0.317319 0.0708604 0.0750505
0 0.917399 0.945706 0.0692019 0.0691025
0 0.359608 0.779138 0.0701748 0.0732324
0 0.729584 0.976366 0.07196 0.0472671
0 0.546577 0.815567 0.0681694 0.0671951
0 0.917801 0.737396 0.0698724 0.0683986
0 0.229275 0.424054 0.0721926 0.0717722
0 0.423004 0.818539 0.0678159 0.0708823
0 0.669284 0.883145 0.0701923 0.0736947
0 0.485447 0.978221 0.0698649 0.0435579
0 0.916972 0.671749 0.0703254 0.0718089
0 0.0429281 0.175578 0.0691696 0.0696881
0 0.970629 0.770686 0.058742 0.0714908
0 0.538563 0.16784 0.0703084 0.0713208
0 0.103942 0.139704 0.0732327 0.0722963
0 0.165808 0.172064 0.0710459 0.0729119
0 0.912418 0.371488 0.0699424 0.0741488
0 0.103727 0.0674567 0.0736932 0.0733429
0 0.477684 0.271986 0.0708448 0.0682248
0 0.971803 0.555688 0.0563949 0.0644438
0 0.111185 0.568803 0.0692077 0.0751803
0 0.918246 0.802611 0.0685475 0.0697813
0 0.734618 0.556154 0.0650142 0.0675132
0 0.423698 0.673555 0.0682433 0.0713832
0 0.423747 0.745618 0.0686613 0.0733801
0 0.607614 0.849386 0.0685465 0.067879
0 0.415592 0.23879 0.0712336 0.06989
0 0.176437 0.818929 0.0700608 0.0738574
0 0.0486938 0.606197 0.0689913 0.0743867
0 0.298493 0.60495 0.0702527 0.0626178
0 0.298115 0.892351 0.0685629 0.0729766
0 0.0144003 0.860495 0.0288007 0.0702767
0 0.610642 0.559545 0.0699725 0.0738356
0 0.486086 0.707098 0.06735 0.0711792
0 0.0424912 0.320301 0.0703418 0.073747
0 0.716006 0.0559383 0.0774212 0.0734488
0 0.0408585 0.0352195 0.0717986 0.070439
0 0.0426911 0.245819 0.0703133 0.0756614
0 0.112594 0.778803 0.0687268 0.0717829
0 0.0516918 0.962353 0.0746536 0.072654
0 0.0422661 0.392189 0.0667951 0.0700186
0 0.547955 0.670828 0.0693454 0.0754051
0 0.352079 0.138641 0.0765529 0.0736684
0 0.114643 0.858391 0.07066 0.0727191
0 0.97054 0.838916 0.0589191 0.0696828
0 0.300163 0.962804 0.0703933 0.0711685
0 0.0515023 0.820151 0.0690179 0.0700561
0 0.783762 0.236775 0.0747831 0.0693245
0 0.353698 0.350592 0.071968 0.0718044
0 0.856061 0.702826 0.070393 0.0744624
0 0.476344 0.202977 0.0726873 0.0747958
0 0.911128 0.300074 0.072547 0.0699928
0 0.719785 0.129724 0.0697281 0.0706601
0 0.849004 0.334686 0.0704297 0.0679426
0 0.966979 0.335776 0.0654707 0.0720946
0 0.547945 0.595458 0.0681417 0.0719528
0 0.165152 0.0312444 0.0745691 0.0624888
0 0.354281 0.206633 0.0706716 0.0697458
0 0.732727 0.703054 0.0685611 0.0739564
0 0.238392 0.981542 0.0711789 0.0369152
0 0.84653 0.268927 0.0745294 0.0702417
0 0.966549 0.0516305 0.0669017 0.0723352
0 0.720714 0.199374 0.0711292 0.0729717
0 0.0506252 0.745427 0.0695501 0.0719483
0 0.478832 0.347112 0.0725381 0.0776359
0 0.724465 0.338387 0.0748264 0.0692391
0 0.175269 0.963173 0.0698769 0.0696083
0 0.917914 0.873612 0.0690572 0.0719566
0 0.853522 0.404873 0.0688336 0.0684143
0 0.354595 0.27359 0.0704037 0.0691272
0 0.166048 0.100721 0.0728216 0.0724456
0 0.41624 0.309691 0.0717071 0.0730426
0 0.415105 0.169052 0.0735975 0.0758838
0 0.53779 0.0313057 0.071148 0.0626113
0 0.112699 0.711504 0.0674948 0.0705391
0 0.0498616 0.676463 0.0698017 0.0683243
0 0.290944 0.31701 0.0741864 0.0776221
0 0.909034 0.0274903 0.0739967 0.0549806
0 0.539171 0.0991357 0.0701056 0.0669514
0 0.113266 0.927877 0.0689297 0.0677307
0 0.22829 0.062052 0.0732526 0.0718774
0 0.351723 0.0600795 0.0724268 0.0756088
0 0.603295 0.413871 0.0722022 0.0737393
0 0.65753 0.0308353 0.0682518 0.0616706
0 0.723485 0.27022 0.0714694 0.0701358
0 0.173847 0.606541 0.065945 0.0691471
0 0.599804 0.338485 0.07163 0.0694352
0 0.966975 0.264907 0.0637404 0.0688338
0 0.0514515 0.891978 0.0727915 0.0723696
0 0.970674 0.910623 0.0586512 0.0729756
0 0.66003 0.0982358 0.072567 0.0707034
0 0.227136 0.352566 0.0748863 0.0751668
0 0.0127437 0.573678 0.0254874 0.0705273
0 0.290048 0.030962 0.0747886 0.0618432
0 0.114587 0.980985 0.0712399 0.0380299
0 0.970333 0.700093 0.059334 0.0746109
0 0.0425908 0.104301 0.0705244 0.0740742
0 0.175925 0.89332 0.0698276 0.0722806
0 0.361472 0.979507 0.0680014 0.0409865
0 0.237207 0.712343 0.067734 0.0690305
0 0.0127349 0.710564 0.0254697 0.064786
0 0.599327 0.0645994 0.0718461 0.0739688
0 0.659794 0.304222 0.0764261 0.0692363
0 0.227893 0.276438 0.0702729 0.0743175
0 0.969963 0.969848 0.0600731 0.0603036
0 0.0123402 0.641439 0.0246805 0.0666561
0 0.164475 0.388841 0.0731434 0.0753624
0 0.786521 0.303397 0.0713434 0.068315
0 0.299049 0.672337 0.0710657 0.0719683
0 0.431668 0.825733 0.0802205 0.0839306
0 0.477833 0.0133717 0.0671886 0.0267434
0 0.856589 0.974407 0.073395 0.0511853
0 0.966451 0.186929 0.0602041 0.0714439
0 0.966319 0.407544 0.0673618 0.0688248
0 0.0143149 0.786286 0.0286297 0.0762284
0 0.746558 0.854655 0.0850685 0.0834945
0 0.911005 0.0885717 0.068575 0.0754994
0 0.599314 0.269865 0.0709684 0.0711366
0 0.97014 0.626894 0.0597196 0.0725505
0 0.102822 0.0146147 0.0741653 0.0284362
0 0.551457 0.731281 0.0708899 0.0821805
0 0.965449 0.12413 0.0691029 0.0719353
0 0.744484 0.840651 0.0831457 0.0865976
0 0.595736 0.0129378 0.0664713 0.0258756
0 0.660723 0.164641 0.0704443 0.0660604
0 0.908935 0.226341 0.0764303 0.079473
0 0.22845 0.0133541 0.0711724 0.0267082
0 0.480011 0.416201 0.0704947 0.0705082
0 0.661985 0.234285 0.0785637 0.0712376
0 0.795266 0.521408 0.0682136 0.0739397
0 0.56584 0.747185 0.0989878 0.0834191
0 0.0137186 0.980554 0.0274371 0.0388927
0 0.726194 0.413721 0.0742059 0.0739293
0 0.619973 0.760371 0.08253 0.0894192
0 0.481394 0.561286 0.0728279 0.0711383
0 0.384376 0.970205 0.0809341 0.0595906
0 0.355514 0.416421 0.068642 0.0672514
0 0.350337 0.012788 0.0683758 0.025576
0 0.682446 0.676422 0.0797679 0.0813129
0 0.420676 0.525969 0.0654129 0.0713863
0 0.673878 0.525477 0.0682704 0.0714738
0 0.819713 0.791507 0.093053 0.0909908
0 0.965486 0.0116416 0.0558279 0.0232833
0 0.6257 0.963278 0.0697566 0.073444
0 0.72829 0.765037 0.0740727 0.070215
0 0.124776 0.562642 0.0878576 0.0875266
0 0.0476214 0.527984 0.0672999 0.0714449
0 0.662399 0.824362 0.0852417 0.0817344
0 0.917939 0.987846 0.0672567 0.0243089
0 0.0188446 0.866058 0.0376893 0.0699346
0 0.492232 0.626593 0.0763408 0.0785546
0 0.56307 0.688291 0.0883398 0.0805255
0 0.852499 0.136018 0.0675778 0.0701886
0 0.637232 0.786704 0.108805 0.089518
0 0.464458 0.861745 0.106517 0.0811224
0 0.493003 0.771628 0.0806856 0.0873612
0 0.537742 0.23634 0.0710148 0.0721193
0 0.0124401 0.92415 0.0248801 0.0656401
0 0.0247787 0.358206 0.0466163 0.0697269
0 0.609938 0.693413 0.0683722 0.0694705
0 0.014338 0.649014 0.028676 0.0624807
0 0.0157389 0.568493 0.0314778 0.0694456
0 0.790285 0.945346 0.0778782 0.0984557
0 0.039397 0.121842 0.0753504 0.0835021
0 0.523874 0.677765 0.0857885 0.074245
