0 0.436583 0.586318 0.0743597 0.0737219
0 0.68461 0.744701 0.0743309 0.0731794
0 0.198121 0.961884 0.0699842 0.0690271
0 0.558429 0.586503 0.0685084 0.0736582
0 0.80616 0.674587 0.0712953 0.0699708
0 0.930789 0.675096 0.0698999 0.0707886
0 0.500638 0.622437 0.0734818 0.0752629
0 0.978513 0.71283 0.0429736 0.0713111
0 0.441169 0.890851 0.0760745 0.0705078
0 0.683037 0.675386 0.0771627 0.0767162
0 0.380306 0.925314 0.0721468 0.0712414
0 0.868397 0.640337 0.0724225 0.0696244
0 0.318993 0.959588 0.0702782 0.0705589
0 0.747076 0.708069 0.0730859 0.0696052
0 0.318694 0.801602 0.0709783 0.0722243
0 0.7508 0.925876 0.0775112 0.0674565
0 0.255842 0.767345 0.072727 0.0710851
0 0.567215 0.961491 0.0729308 0.0662928
0 0.622604 0.859412 0.073149 0.0713911
0 0.931139 0.747718 0.0734255 0.0716237
0 0.257703 0.924553 0.0732384 0.0741166
0 0.812103 0.892078 0.0748171 0.0709586
0 0.317835 0.888193 0.0728956 0.077392
0 0.373881 0.621357 0.0755489 0.0754893
0 0.506006 0.928627 0.0711651 0.0699509
0 0.194947 0.801734 0.0713025 0.0694026
0 0.67998 0.587194 0.068285 0.0677463
0 0.256109 0.839428 0.0739461 0.0789264
0 0.980077 0.853236 0.0398465 0.0698729
0 0.685147 0.896905 0.0717124 0.0675317
0 0.936941 0.963216 0.0719904 0.070999
0 0.875731 0.926621 0.0722132 0.0692061
0 0.802424 0.604131 0.0702717 0.0732648
0 0.378818 0.767413 0.0732433 0.0701699
0 0.31768 0.733092 0.0741557 0.0689812
0 0.194087 0.87777 0.0747368 0.0798088
0 0.443486 0.961523 0.0763468 0.0694826
0 0.812691 0.960842 0.0754573 0.0684175
0 0.566097 0.893 0.0784326 0.0725781
0 0.869756 0.857976 0.0716281 0.0708129
0 0.807149 0.819135 0.0718677 0.0739502
0 0.931741 0.820179 0.0707254 0.0697949
0 0.9357 0.891979 0.076169 0.0714513
0 0.689318 0.956947 0.0700653 0.0675267
0 0.254209 0.696501 0.0731381 0.0727499
0 0.378763 0.853926 0.0712851 0.0762975
0 0.92781 0.604844 0.0661494 0.0678883
0 0.626741 0.976924 0.0720599 0.0461525
0 0.978811 0.564422 0.0423772 0.0741246
0 0.980391 0.931216 0.0392188 0.0653723
0 0.869029 0.708776 0.0734527 0.0695078
0 0.752999 0.980126 0.0734642 0.0397471
0 0.624423 0.78319 0.0695471 0.0734196
0 0.627059 0.928147 0.0707481 0.0652997
0 0.315618 0.661231 0.0710101 0.0713899
0 0.193256 0.733895 0.0721782 0.0725682
0 0.258479 0.981212 0.0725547 0.0375752
0 0.746671 0.781156 0.0726056 0.0719616
0 0.313956 0.590392 0.0708433 0.0705233
0 0.74442 0.637891 0.0728378 0.0751185
0 0.980255 0.784264 0.0394899 0.0747066
0 0.619154 0.61986 0.0743686 0.0705667
0 0.12921 0.915577 0.0812742 0.0782552
0 0.254325 0.626726 0.0709912 0.0708381
0 0.875799 0.982159 0.0711542 0.0356826
0 0.50657 0.984382 0.0719304 0.0312365
0 0.870167 0.780646 0.0687286 0.0734038
0 0.979264 0.982479 0.0414716 0.0350425
0 0.192788 0.664259 0.0722989 0.0714161
0 0.503217 0.85672 0.0778532 0.0737185
0 0.619659 0.713954 0.0746133 0.0726011
0 0.373928 0.697489 0.0641735 0.0664829
0 0.38145 0.982858 0.0713674 0.0342849
0 0.751787 0.858044 0.073012 0.0693933
0 0.563945 0.819943 0.0728334 0.0747404
0 0.131437 0.981082 0.0830404 0.0378367
0 0.868423 0.562285 0.072055 0.0771632
0 0.743821 0.562374 0.0719478 0.0747137
0 0.500232 0.553899 0.0696144 0.0672331
