0 0.919501 0.586349 0.0722437 0.0766518
0 0.921938 0.799184 0.0677371 0.0702262
0 0.614573 0.914753 0.0710361 0.0765043
0 0.92128 0.731255 0.0677781 0.0688558
0 0.668198 0.374457 0.0698712 0.0754418
0 0.861222 0.834294 0.0655338 0.0688927
0 0.60803 0.413181 0.0693405 0.0706073
0 0.608177 0.335569 0.0671064 0.0713595
0 0.859524 0.624633 0.0650833 0.0709207
0 0.107401 0.0599935 0.0692027 0.0729654
0 0.922027 0.868763 0.0667375 0.072202
0 0.975084 0.834975 0.0498326 0.072062
0 0.0458827 0.0978444 0.0675646 0.0731816
0 0.109045 0.131587 0.068325 0.0714099
0 0.108173 0.204936 0.0698525 0.0738731
0 0.860191 0.765568 0.065635 0.0703354
0 0.859944 0.69598 0.0648396 0.0677947
0 0.546907 0.374397 0.0669475 0.0704412
0 0.545683 0.303924 0.0677154 0.0692426
0 0.975305 0.765051 0.0493892 0.071838
0 0.975165 0.693424 0.0496702 0.0711567
0 0.673041 0.585629 0.0655048 0.0683265
0 0.482965 0.268982 0.0692177 0.0711271
0 0.169729 0.0943172 0.0702533 0.0704549
0 0.10938 0.275198 0.0675541 0.0690866
0 0.678013 0.948858 0.0715418 0.0720656
0 0.296958 0.237409 0.0653633 0.0702877
0 0.541912 0.160076 0.071226 0.0733818
0 0.546686 0.446233 0.0657115 0.0727409
0 0.044297 0.0307808 0.0722446 0.0615615
0 0.23382 0.128611 0.069545 0.0751881
0 0.171251 0.165709 0.0682148 0.0749137
0 0.419326 0.0900401 0.0695856 0.0713492
0 0.734049 0.551329 0.0673795 0.0712452
0 0.106866 0.0119248 0.0676836 0.0238496
0 0.862873 0.910839 0.0641466 0.0712553
0 0.238514 0.638391 0.0709926 0.0703421
0 0.361399 0.488652 0.0668554 0.0697256
0 0.172889 0.239625 0.0697196 0.0704789
0 0.480371 0.198362 0.0723119 0.0745945
0 0.974086 0.550612 0.0518289 0.0709231
0 0.973182 0.479691 0.0536368 0.070653
0 0.361677 0.416422 0.0680254 0.0727002
0 0.666953 0.0845013 0.0711308 0.0706286
0 0.174244 0.668239 0.0681152 0.0664165
0 0.543678 0.233689 0.0691395 0.0737178
0 0.547687 0.520819 0.0654186 0.0680019
0 0.487655 0.700051 0.06883 0.070169
0 0.358793 0.270433 0.0674001 0.0695481
0 0.925 0.942765 0.0695055 0.0680792
0 0.856997 0.551201 0.0687513 0.069967
0 0.421272 0.304194 0.0679473 0.0695339
0 0.480067 0.122616 0.0713776 0.0736288
0 0.293547 0.091751 0.068879 0.0697125
0 0.668732 0.300399 0.0694704 0.0713944
0 0.484185 0.336798 0.0668325 0.067481
0 0.236016 0.203765 0.0683646 0.0721649
0 0.60453 0.0491483 0.0714896 0.0719647
0 0.364634 0.91512 0.0690598 0.0702112
0 0.175265 0.598951 0.068074 0.0710304
0 0.355917 0.127544 0.0717767 0.0803064
0 0.856772 0.480046 0.0707077 0.0721409
0 0.855773 0.334284 0.0712864 0.0741471
0 0.603756 0.19418 0.0730447 0.071301
0 0.79698 0.586775 0.0660987 0.072238
0 0.36219 0.704094 0.0685551 0.0709397
0 0.666901 0.229158 0.0719433 0.072141
0 0.556569 0.954362 0.0759212 0.0710696
0 0.671775 0.518112 0.0645056 0.0684701
0 0.0467643 0.170169 0.0680852 0.0746692
0 0.490476 0.918151 0.0693733 0.0705252
0 0.0491844 0.456763 0.0692165 0.0709168
0 0.792862 0.300216 0.0698915 0.0713881
0 0.423534 0.378753 0.0673528 0.0692068
0 0.362663 0.631551 0.0689207 0.0694313
0 0.2382 0.5635 0.0697654 0.0739546
0 0.7301 0.408641 0.072366 0.0725302
0 0.865397 0.973658 0.0702788 0.0526834
0 0.917662 0.0826378 0.0701774 0.0696739
0 0.548818 0.587574 0.0668905 0.069073
0 0.793902 0.44522 0.0710702 0.0678971
0 0.302007 0.672149 0.0677246 0.0692226
0 0.73747 0.621721 0.0699335 0.0742985
0 0.113135 0.41895 0.0709833 0.0720376
0 0.417674 0.0279679 0.0720614 0.0559358
0 0.541382 0.0266282 0.0742357 0.0532563
0 0.299887 0.381017 0.069993 0.0717071
0 0.0466335 0.241603 0.0678695 0.0689271
0 0.971227 0.335024 0.0575457 0.0722331
0 0.299732 0.454496 0.0699133 0.0710043
0 0.17586 0.739468 0.0706507 0.0707316
0 0.551586 0.878724 0.0690919 0.0734308
0 0.11313 0.634065 0.0694356 0.0700166
0 0.0493666 0.382707 0.0700031 0.0703437
0 0.427621 0.879206 0.0702462 0.075371
0 0.417797 0.163423 0.0722992 0.0734799
0 0.916983 0.225079 0.0725336 0.0694581
0 0.970993 0.407162 0.0580144 0.0735623
0 0.486022 0.411503 0.0681227 0.0721778
0 0.425813 0.734443 0.0715976 0.0716653
0 0.300808 0.599333 0.0694149 0.0714269
0 0.915548 0.0248626 0.0735359 0.0497251
0 0.918595 0.444189 0.0708046 0.0711675
0 0.919337 0.514701 0.0706595 0.0730379
0 0.426413 0.803681 0.0700622 0.069754
0 0.612871 0.695947 0.0692303 0.0707802
0 0.419222 0.235395 0.0706754 0.0731317
0 0.295092 0.165521 0.0672626 0.0746731
0 0.613934 0.76693 0.0704547 0.0704824
0 0.367425 0.975244 0.0736116 0.0492404
0 0.113677 0.705674 0.0690861 0.0713453
0 0.9188 0.36886 0.0690887 0.0716453
0 0.0509059 0.670118 0.0707115 0.0713041
0 0.487137 0.486161 0.0701476 0.073756
0 0.0540118 0.886994 0.0716625 0.0674307
0 0.97111 0.117859 0.0577804 0.0716938
0 0.790596 0.0230845 0.0747774 0.0461691
0 0.424967 0.66326 0.0699275 0.069773
0 0.35517 0.0519729 0.0729098 0.0707868
0 0.611117 0.552009 0.0692177 0.0684674
0 0.361942 0.342512 0.0680366 0.0710417
0 0.180311 0.886228 0.0693656 0.0695736
0 0.241798 0.705249 0.0738537 0.0695465
0 0.738393 0.768842 0.0699625 0.0693491
0 0.16719 0.0291534 0.0736287 0.0583068
0 0.738944 0.699368 0.0697592 0.0713704
0 0.175878 0.454404 0.0697556 0.0716016
0 0.488838 0.769772 0.069612 0.0701876
0 0.423424 0.451151 0.0686818 0.0733908
0 0.175028 0.380151 0.0685603 0.0695817
0 0.424742 0.525338 0.0689329 0.0718586
0 0.856186 0.410244 0.0713166 0.0685478
0 0.542759 0.0841798 0.0712497 0.0683378
0 0.304908 0.953548 0.0693767 0.0726264
0 0.800712 0.801172 0.0688555 0.0691714
0 0.355442 0.200765 0.0716972 0.0746936
0 0.793225 0.374267 0.0706141 0.0784098
0 0.739213 0.907965 0.0691955 0.0715611
0 0.608702 0.480379 0.0693702 0.0711738
0 0.48738 0.628946 0.0687722 0.0696902
0 0.675275 0.802246 0.0689849 0.0668426
0 0.676031 0.872099 0.069376 0.0734972
0 0.120553 0.921932 0.0721979 0.0688102
0 0.112856 0.488278 0.0708558 0.0702465
0 0.362643 0.562276 0.068772 0.0695767
0 0.855392 0.118213 0.0704317 0.0696153
0 0.363301 0.772375 0.0680405 0.0668771
0 0.428329 0.955144 0.0731826 0.0728229
0 0.729729 0.118297 0.071777 0.0730799
0 0.0518498 0.741012 0.0714349 0.0695255
0 0.1746 0.312483 0.0691098 0.068889
0 0.854017 0.26166 0.0738144 0.0731912
0 0.730889 0.33551 0.0699604 0.069224
0 0.299328 0.308986 0.0676264 0.071152
0 0.112306 0.345885 0.0691088 0.0698199
0 0.612826 0.624706 0.0695461 0.0698822
0 0.674277 0.659896 0.0677655 0.0769318
0 0.304642 0.876503 0.0672367 0.0714085
0 0.800331 0.732432 0.0686334 0.0716429
0 0.799905 0.659345 0.0679919 0.0706486
0 0.489083 0.84277 0.0694069 0.0728106
0 0.918211 0.151564 0.0701165 0.07244
0 0.549956 0.660221 0.069971 0.0696995
0 0.290425 0.028714 0.0730739 0.057428
0 0.737803 0.834964 0.0695491 0.0670359
0 0.487116 0.556635 0.068378 0.0676451
0 0.303057 0.73875 0.0668735 0.0678667
0 0.917623 0.297607 0.0709207 0.0738514
0 0.730211 0.265807 0.0723183 0.0740007
0 0.792909 0.157752 0.0706086 0.0770679
0 0.605002 0.118139 0.0702648 0.0698523
0 0.79239 0.0847107 0.0706898 0.0738222
0 0.675903 0.733557 0.0708785 0.0711479
0 0.237275 0.48921 0.068312 0.0692203
0 0.113408 0.562637 0.0701917 0.0714288
0 0.057567 0.955629 0.0807139 0.0711758
0 0.55022 0.806249 0.068193 0.0703394
0 0.180205 0.811323 0.0720517 0.0731997
0 0.304035 0.809388 0.0674676 0.0664821
0 0.97533 0.907544 0.0493397 0.0724688
0 0.728804 0.19411 0.0741563 0.0716774
0 0.550761 0.733974 0.0708518 0.0728033
0 0.244499 0.918979 0.072412 0.0715086
0 0.800933 0.87304 0.069989 0.0730808
0 0.61305 0.837895 0.0698208 0.074965
0 0.802606 0.95031 0.0725025 0.0750842
0 0.0483447 0.311129 0.0686445 0.0718192
0 0.237361 0.275055 0.0692535 0.0753959
0 0.230634 0.0538074 0.0702523 0.0698336
0 0.237277 0.419429 0.0693281 0.072701
0 0.853828 0.0474691 0.0729837 0.0733603
0 0.180569 0.956681 0.0732338 0.0695839
0 0.300226 0.522101 0.069428 0.0683182
0 0.976631 0.96928 0.0467383 0.0554147
0 0.0492754 0.527438 0.0684578 0.0703957
0 0.116268 0.778411 0.0678292 0.0697534
0 0.791377 0.230444 0.0707333 0.0733194
0 0.425093 0.593072 0.0693561 0.0687745
0 0.119423 0.849502 0.0686907 0.072014
0 0.176196 0.523091 0.0693096 0.0678029
0 0.0555089 0.814481 0.0707823 0.0711098
0 0.480366 0.0521654 0.069923 0.0691729
0 0.854959 0.191746 0.0711032 0.0749133
0 0.237651 0.348191 0.0693026 0.0692168
0 0.97045 0.261831 0.0591002 0.077791
0 0.0498389 0.597691 0.0698023 0.0678066
0 0.365466 0.841931 0.0683737 0.0692855
0 0.728433 0.0483801 0.0718676 0.0718764
0 0.666912 0.158414 0.0707604 0.0734455
0 0.0157613 0.853503 0.0315225 0.072768
0 0.0133891 0.708636 0.0267781 0.0665364
0 0.742141 0.970851 0.0725563 0.0575447
0 0.0124774 0.139104 0.0249549 0.0727689
0 0.121051 0.978215 0.0692122 0.0435703
0 0.244398 0.842958 0.0712702 0.0677578
0 0.245692 0.976406 0.072863 0.047189
0 0.969367 0.0449801 0.0612668 0.0775531
0 0.606082 0.265507 0.0699425 0.0706012
0 0.245494 0.771362 0.0740964 0.06935
0 0.794787 0.514341 0.0693082 0.0719273
0 0.479649 0.0111998 0.0686759 0.0223996
0 0.970723 0.189211 0.0585548 0.0714073
0 0.975279 0.624354 0.0494415 0.0683306
0 0.355066 0.0108833 0.0729149 0.0217665
0 0.498458 0.405231 0.0876455 0.084294
0 0.0137869 0.778867 0.0275738 0.0660079
0 0.0135673 0.637201 0.0271345 0.0732338
0 0.229822 0.011578 0.069605 0.023156
0 0.0125467 0.421147 0.0250935 0.0708599
0 0.0136599 0.975897 0.0273198 0.0482053
0 0.0130371 0.493975 0.0260743 0.0629724
0 0.0131603 0.920738 0.0263205 0.0646667
0 0.0171518 0.0731708 0.0343035 0.0643889
0 0.0652048 0.182768 0.0788341 0.0856574
0 0.0123299 0.350138 0.0246598 0.066339
0 0.495256 0.97619 0.0767528 0.0476199
0 0.726989 0.0200874 0.0722129 0.0401748
0 0.0135825 0.564788 0.0271649 0.067901
0 0.0160728 0.129532 0.0321455 0.067151
0 0.0128847 0.204578 0.0257693 0.0701904
0 0.0139042 0.281549 0.0278083 0.0658987
0 0.91712 0.502949 0.0734384 0.080546
0 0.926407 0.987249 0.0687654 0.0255028
0 0.0148181 0.429767 0.0296362 0.0646176
0 0.348997 0.0127655 0.0652781 0.025531
0 0.0254859 0.0505485 0.0491462 0.0747125
0 0.791023 0.0688782 0.0729239 0.0686004
0 0.547238 0.45836 0.0642993 0.0637794
0 0.223402 0.0155175 0.0610507 0.029085
0 0.823503 0.56799 0.101537 0.0958457
0 0.0731444 0.251774 0.0992969 0.0629547
0 0.30389 0.686064 0.0677214 0.0653149
0 0.742658 0.562511 0.0819864 0.0685091
0 0.0147305 0.413754 0.0294611 0.0696396
0 0.39551 0.290899 0.102664 0.0708357
