0 0.833449 0.758475 0.0681078 0.239786
0 0.288564 0.35159 0.0708755 0.251524
0 0.71368 0.512576 0.067143 0.255978
0 0.953649 0.748446 0.0644953 0.244751
0 0.595662 0.773706 0.0703764 0.253618
0 0.105852 0.784949 0.0712288 0.26101
0 0.773798 0.639469 0.0667323 0.253339
0 0.16694 0.666299 0.0690681 0.264664
0 0.228449 0.807116 0.0701041 0.253742
0 0.654295 0.658066 0.0683964 0.260047
0 0.10563 0.522058 0.0712242 0.28516
0 0.953426 0.481742 0.0632446 0.244633
0 0.413911 0.407638 0.074557 0.250454
0 0.895968 0.628068 0.0678313 0.259562
0 0.225861 0.534353 0.074466 0.293464
0 0.412472 0.659319 0.073454 0.266725
0 0.289172 0.668042 0.0739443 0.28513
0 0.0431872 0.392 0.0693818 0.266287
0 0.772094 0.378047 0.0671232 0.258144
0 0.0132168 0.727638 0.0264336 0.325586
0 0.350355 0.786447 0.0711113 0.271007
0 0.351878 0.505116 0.0726303 0.26521
0 0.0438376 0.663259 0.0691147 0.274398
0 0.104761 0.253366 0.0713448 0.268586
0 0.832952 0.504562 0.0695808 0.261151
0 0.655628 0.383832 0.0742173 0.272151
0 0.830635 0.247505 0.0646363 0.241427
0 0.16566 0.391671 0.0702699 0.273847
0 0.714839 0.248826 0.0669588 0.248268
0 0.226896 0.242782 0.0720012 0.264938
0 0.59036 0.237356 0.0770812 0.257434
0 0.894234 0.377265 0.0676867 0.246832
0 0.593966 0.50784 0.0745173 0.280167
0 0.0450974 0.137639 0.0664451 0.242579
0 0.534966 0.649681 0.0684557 0.258559
0 0.987605 0.647971 0.0247906 0.263133
0 0.166673 0.131201 0.0688657 0.239531
0 0.477873 0.534219 0.0739216 0.25724
0 0.415188 0.141556 0.0733351 0.275716
0 0.0359005 0.635301 0.071066 0.328098
0 0.474362 0.781188 0.0674177 0.24639
0 0.987734 0.330978 0.0245321 0.235238
0 0.0448599 0.882624 0.0695127 0.201016
0 0.775949 0.139271 0.0685045 0.234244
0 0.287445 0.127837 0.0652738 0.228371
0 0.657216 0.130223 0.0712808 0.248805
0 0.0123895 0.254676 0.0246546 0.211154
0 0.039798 0.699447 0.0791525 0.329908
0 0.529936 0.115055 0.06879 0.23011
0 0.774649 0.8801 0.0715846 0.234818
0 0.290122 0.896137 0.0728014 0.207727
