0 0.669797 0.67549 0.0654373 0.0713379
0 0.67092 0.385536 0.0677819 0.0742151
0 0.482308 0.0157954 0.0676859 0.0308295
0 0.607942 0.424652 0.0714407 0.0713612
0 0.419959 0.0339347 0.0708251 0.0678693
0 0.298162 0.529468 0.0676877 0.0765522
0 0.792172 0.820161 0.0728287 0.0768949
0 0.858055 0.0603405 0.0655031 0.0670815
0 0.110952 0.426927 0.0653517 0.0676479
0 0.607664 0.35118 0.0719504 0.0704284
0 0.233685 0.783466 0.065462 0.0696502
0 0.359901 0.138416 0.0665812 0.066396
0 0.110736 0.568688 0.0661057 0.0747627
0 0.234354 0.209341 0.0652796 0.0681041
0 0.609885 0.0142127 0.070075 0.0284253
0 0.233976 0.140514 0.0661616 0.068015
0 0.237138 0.570112 0.0676689 0.0709835
0 0.231676 0.98039 0.066581 0.0392201
0 0.29364 0.7453 0.0710577 0.0755906
0 0.172226 0.959893 0.0662928 0.0675309
0 0.291503 0.894516 0.0673833 0.0694642
0 0.858276 0.491665 0.0670813 0.072313
0 0.796901 0.0977021 0.0689559 0.0720184
0 0.173148 0.890602 0.0673877 0.0712821
0 0.115445 0.289182 0.0703156 0.078246
0 0.110912 0.853484 0.0687319 0.0750633
0 0.670084 0.526232 0.0679848 0.0721036
0 0.297623 0.106511 0.0706756 0.0750168
0 0.485522 0.278096 0.0633829 0.0706699
0 0.607764 0.490952 0.0687376 0.0676767
0 0.730704 0.925097 0.0713741 0.072058
0 0.360241 0.568897 0.0720893 0.0783736
0 0.79719 0.029786 0.0672498 0.059572
0 0.795544 0.527789 0.0692722 0.0758013
0 0.730546 0.856038 0.069288 0.0673606
0 0.795258 0.386305 0.0678911 0.0730338
0 0.609267 0.707597 0.0690601 0.0714482
0 0.172912 0.746038 0.068027 0.0708305
0 0.734079 0.347305 0.0697916 0.0715657
0 0.794902 0.16863 0.0690403 0.0718586
0 0.546585 0.0981277 0.0684202 0.0745343
0 0.482149 0.132144 0.0714925 0.0787837
0 0.973657 0.130983 0.0526867 0.0737983
0 0.669492 0.818306 0.0693376 0.0775309
0 0.483836 0.491166 0.0654315 0.0690907
0 0.542022 0.454765 0.0739772 0.0774684
0 0.60789 0.78063 0.069003 0.0738869
0 0.359116 0.0184529 0.0687653 0.0346374
0 0.670296 0.0305921 0.0665903 0.0611841
0 0.919092 0.0915762 0.0700314 0.0767425
0 0.79462 0.455607 0.0700077 0.0709682
0 0.233495 0.855275 0.065273 0.0693276
0 0.672242 0.314025 0.0669448 0.0698023
0 0.421002 0.674395 0.0695004 0.0711902
0 0.0495298 0.462297 0.068325 0.0684841
0 0.42396 0.604224 0.0704832 0.0739071
0 0.856806 0.564898 0.0690608 0.0716965
0 0.0467124 0.887309 0.0679783 0.0678208
0 0.172681 0.818227 0.0678496 0.0724938
0 0.480876 0.924237 0.0712056 0.072343
0 0.973284 0.0536964 0.0534325 0.0730454
0 0.11082 0.92526 0.0680054 0.0698704
0 0.608684 0.0656243 0.0683739 0.0683628
0 0.731888 0.492253 0.0706887 0.0762037
0 0.731138 0.13159 0.0735126 0.0707986
0 0.794353 0.962182 0.0688955 0.0678445
0 0.233852 0.711283 0.0644318 0.0704634
0 0.917602 0.892282 0.0715115 0.0708656
0 0.542469 0.377574 0.071408 0.065309
0 0.0477756 0.814814 0.0692133 0.0714117
0 0.9185 0.165165 0.0714453 0.0751609
0 0.110589 0.710881 0.0675942 0.0720431
0 0.856663 0.420949 0.069762 0.0695142
0 0.545028 0.530308 0.0698276 0.0688061
0 0.482858 0.637645 0.0656068 0.0690739
0 0.668531 0.0989975 0.0693673 0.0707105
0 0.607371 0.563969 0.0688593 0.0793018
0 0.607756 0.137603 0.0700521 0.0732596
0 0.423505 0.459825 0.0660775 0.0689194
0 0.542986 0.889351 0.0716834 0.0731457
0 0.298003 0.0359913 0.0669173 0.064239
0 0.919984 0.309512 0.0714717 0.074181
0 0.730968 0.42121 0.0718799 0.0739294
0 0.731875 0.635983 0.0692976 0.0717242
0 0.173706 0.108448 0.0672544 0.0682281
0 0.238529 0.0181636 0.0692918 0.0353234
0 0.484547 0.565355 0.0663143 0.0706855
0 0.919061 0.0277279 0.0695716 0.0554559
0 0.732834 0.0122983 0.0710828 0.0245965
0 0.795686 0.311817 0.0670638 0.0721692
0 0.175181 0.60452 0.069519 0.0661765
0 0.79312 0.23876 0.0695562 0.0703955
0 0.733885 0.275138 0.0668945 0.0704391
0 0.359349 0.0698413 0.065894 0.0728212
0 0.290227 0.95901 0.0674026 0.0675795
0 0.610666 0.281423 0.0689324 0.0708445
0 0.0484916 0.959543 0.069376 0.0691925
0 0.672216 0.239314 0.0650227 0.0700051
0 0.973717 0.346738 0.0525668 0.0722989
0 0.793034 0.600856 0.0719404 0.06985
0 0.794 0.739602 0.0697739 0.0719354
0 0.297987 0.459727 0.0676847 0.0703561
0 0.482607 0.70682 0.069097 0.0715632
0 0.856276 0.130783 0.0680717 0.068976
0 0.973372 0.27357 0.0532569 0.0710688
0 0.605584 0.926587 0.0711721 0.0723604
0 0.482833 0.421637 0.063458 0.0743251
0 0.112407 0.0727928 0.0671201 0.0665631
0 0.481736 0.98058 0.074498 0.0388403
0 0.97485 0.711002 0.0502999 0.0694491
0 0.856176 0.351063 0.0717542 0.073331
0 0.235555 0.640354 0.0655332 0.0682802
0 0.671113 0.599271 0.0688026 0.0765663
0 0.543542 0.817989 0.0714561 0.071231
0 0.0490359 0.60533 0.0688301 0.0675274
0 0.0501805 0.396026 0.0712329 0.0653359
0 0.545884 0.742833 0.068912 0.0703151
0 0.97177 0.857043 0.0564601 0.0724125
0 0.424598 0.243324 0.068524 0.0719149
0 0.918541 0.382463 0.0715921 0.0705436
0 0.731954 0.0620275 0.0710217 0.0805574
0 0.731872 0.204219 0.0693529 0.0720029
0 0.730969 0.706587 0.0708604 0.0719335
0 0.112209 0.640413 0.0697349 0.0706258
0 0.422133 0.172841 0.0660272 0.0708953
0 0.970779 0.927444 0.0584416 0.0728354
0 0.605942 0.853151 0.0716763 0.0715295
0 0.670951 0.169174 0.0668452 0.070393
0 0.856494 0.705521 0.0714513 0.0724163
0 0.918759 0.52412 0.0682018 0.0709273
0 0.300001 0.390773 0.0691746 0.0721785
0 0.609942 0.206552 0.0698154 0.069765
0 0.972763 0.781092 0.0544748 0.0784019
0 0.110222 0.781039 0.0671959 0.0667825
0 0.85595 0.272258 0.0711727 0.0699794
0 0.360613 0.425892 0.0677632 0.0689343
0 0.544449 0.673353 0.0715227 0.0733284
0 0.544835 0.601319 0.0684423 0.0759816
0 0.545912 0.0320099 0.0694695 0.0635796
0 0.544817 0.169793 0.0703489 0.070838
0 0.970649 0.490118 0.0587027 0.0737587
0 0.238839 0.281952 0.0716795 0.079076
0 0.920328 0.741793 0.0689152 0.0674107
0 0.361651 0.494457 0.0692546 0.0732632
0 0.424505 0.391126 0.0709462 0.0732901
0 0.419711 0.743828 0.0692512 0.0704381
0 0.482413 0.778997 0.069355 0.0770009
0 0.425495 0.317913 0.0694404 0.0668505
0 0.733151 0.565936 0.0683525 0.0669146
0 0.177916 0.327436 0.0737325 0.0780861
0 0.970511 0.417656 0.058978 0.0754632
0 0.920269 0.673506 0.0716548 0.0731657
0 0.0506397 0.0416161 0.0693394 0.0649134
0 0.361606 0.209685 0.0704809 0.0748661
0 0.917254 0.821503 0.0733366 0.0782182
0 0.423557 0.525076 0.0666395 0.0685648
0 0.546143 0.239135 0.0708807 0.0723476
0 0.362396 0.354215 0.0689185 0.0734551
0 0.239555 0.358981 0.0712093 0.0715437
0 0.915127 0.959416 0.0697284 0.0696205
0 0.235672 0.0737499 0.0676276 0.0707955
0 0.607061 0.634295 0.0705554 0.0748426
0 0.173887 0.0402046 0.0686285 0.069428
0 0.357911 0.710864 0.0677711 0.0662376
0 0.357123 0.777626 0.0685178 0.0734357
0 0.175175 0.674565 0.0698317 0.0711938
0 0.855992 0.925063 0.068902 0.0713369
0 0.0477409 0.745457 0.0697379 0.0702605
0 0.856379 0.776393 0.0704069 0.0762341
0 0.544079 0.313167 0.072247 0.0650036
0 0.17379 0.176927 0.066399 0.0683148
0 0.479419 0.854043 0.0733514 0.0727576
0 0.113118 0.143143 0.0696041 0.0714692
0 0.793302 0.669403 0.0708159 0.0710912
0 0.0507554 0.53484 0.0679893 0.0682764
0 0.971834 0.203441 0.056331 0.0733992
0 0.854782 0.635757 0.0720525 0.0709639
0 0.111937 0.980172 0.0692547 0.0396556
0 0.34795 0.981439 0.0634592 0.0371226
0 0.916968 0.601307 0.0737367 0.0738683
0 0.0499178 0.108564 0.0710437 0.0693898
0 0.175033 0.532194 0.0713542 0.0786211
0 0.971322 0.56636 0.0573559 0.0775003
0 0.669011 0.890239 0.0705457 0.0744283
0 0.668371 0.961133 0.0688574 0.0696833
0 0.0511939 0.248705 0.0728387 0.0741489
0 0.41755 0.960523 0.0720059 0.0711441
0 0.0562553 0.328632 0.0768193 0.0716369
0 0.730106 0.781783 0.0718014 0.0758183
0 0.416171 0.889933 0.0731974 0.0747919
0 0.047505 0.676942 0.0690854 0.0725143
0 0.235523 0.492334 0.0682572 0.0702946
0 0.014106 0.577086 0.028212 0.0691336
0 0.855052 0.20308 0.0717642 0.0748143
0 0.91739 0.453045 0.0698708 0.0719496
0 0.114148 0.0194696 0.0678332 0.0389391
0 0.176131 0.245901 0.0688182 0.0746167
0 0.854995 0.855453 0.0709828 0.073225
0 0.418499 0.818288 0.0702489 0.076944
0 0.918717 0.237024 0.0707123 0.0722021
0 0.114012 0.214849 0.0683553 0.0695668
0 0.0497639 0.178669 0.0701852 0.0713284
0 0.858154 0.0129815 0.0661116 0.025963
0 0.0115566 0.857775 0.0231132 0.0687151
0 0.364295 0.285685 0.0683881 0.0635625
0 0.973371 0.63991 0.0532578 0.0754299
0 0.0136748 0.290248 0.0273496 0.0754309
0 0.0115795 0.643436 0.023159 0.0699179
0 0.483783 0.207615 0.0656747 0.067367
0 0.237113 0.425167 0.0703566 0.0687878
0 0.854556 0.980832 0.0705216 0.0383366
0 0.0121638 0.141817 0.0243277 0.0672236
0 0.969238 0.983114 0.0615232 0.0337714
0 0.305904 0.257002 0.0643399 0.0603867
0 0.729774 0.981025 0.0736542 0.0379496
0 0.0141596 0.502649 0.0283191 0.0724425
0 0.305078 0.317876 0.0683339 0.0678439
0 0.351744 0.852161 0.0736212 0.074087
0 0.0131916 0.0217105 0.0263831 0.0428773
0 0.60504 0.980658 0.0731753 0.0386839
0 0.012608 0.36413 0.0252159 0.065437
0 0.0123488 0.0750619 0.0246976 0.0628751
0 0.177258 0.737181 0.0734879 0.0746208
0 0.513164 0.0179018 0.0868683 0.0358036
0 0.803017 0.0242105 0.0741546 0.048421
0 0.693882 0.611142 0.0984976 0.0900931
0 0.294678 0.67238 0.0698148 0.0716542
0 0.121228 0.845354 0.0834444 0.0878766
0 0.749489 0.338489 0.0940979 0.0880213
0 0.543368 0.960318 0.0672307 0.0701962
0 0.011025 0.924084 0.0220501 0.0656581
0 0.0130107 0.978426 0.0260213 0.0431478
0 0.748414 0.357276 0.0907546 0.0872698
0 0.0122832 0.43004 0.0245663 0.0637588
0 0.0120697 0.210585 0.0241394 0.0641674
0 0.0162154 0.772769 0.0324309 0.0664639
0 0.929968 0.292919 0.0816455 0.0889738
0 0.0119751 0.707937 0.0239503 0.0660077
0 0.621023 0.646874 0.0760529 0.0814912
0 0.30536 0.0304728 0.0733631 0.0609455
0 0.637927 0.0200433 0.106918 0.0400865
0 0.973736 0.0111758 0.0504432 0.0223516
0 0.452197 0.0227753 0.0861964 0.0455506
0 0.58613 0.123724 0.0896058 0.0864147
0 0.693547 0.29697 0.102233 0.0886441
0 0.0519886 0.733989 0.0716487 0.0760725
0 0.310119 0.096606 0.0872278 0.0879994
0 0.0483009 0.664022 0.070445 0.0749633
0 0.715923 0.020569 0.0641315 0.0411379
0 0.122903 0.973337 0.0781916 0.0533258
0 0.567347 0.729132 0.082247 0.0822395
0 0.560166 0.30301 0.09203 0.0787699
0 0.531414 0.685883 0.0754192 0.0901196
0 0.808455 0.0382442 0.0840313 0.0663614
0 0.785433 0.0231165 0.099962 0.046233
0 0.120206 0.76862 0.0829555 0.0786088
0 0.122155 0.940963 0.0806048 0.0828599
0 0.0174628 0.930668 0.0349255 0.0615617
0 0.340934 0.721718 0.0770509 0.0806482
0 0.410561 0.0292456 0.0958083 0.0584912
0 0.912429 0.689159 0.0679123 0.0842202
0 0.542075 0.299803 0.0770044 0.0772535
0 0.542584 0.32574 0.072968 0.0741205
0 0.789436 0.540556 0.0840107 0.0898592
0 0.304506 0.0475515 0.0754148 0.0732682
0 0.917264 0.860305 0.073431 0.0706296
0 0.43524 0.465701 0.0872924 0.0813035
0 0.53445 0.25582 0.0926797 0.0957571
0 0.90407 0.468298 0.0857925 0.0877081
0 0.722476 0.26343 0.0872982 0.0749732
0 0.482242 0.68811 0.0675305 0.0633633
0 0.542505 0.731373 0.0752354 0.0837617
0 0.232608 0.923513 0.0661802 0.0694057
0 0.623826 0.363297 0.092679 0.0893996
0 0.629544 0.335866 0.107387 0.0871029
0 0.699567 0.590608 0.11373 0.0932078
