0 0.608429 0.861266 0.065661 0.0705736
0 0.610068 0.790884 0.0641223 0.0733918
0 0.234336 0.432763 0.0657181 0.0702902
0 0.484196 0.497358 0.0674747 0.0732536
0 0.54484 0.460646 0.0677601 0.0702264
0 0.919186 0.956696 0.0626109 0.0719112
0 0.546751 0.536745 0.0670676 0.0770319
0 0.669474 0.685282 0.064738 0.066282
0 0.734563 0.927979 0.0682937 0.0702889
0 0.486442 0.977802 0.0711247 0.0443963
0 0.607126 0.501489 0.0698516 0.0726985
0 0.669357 0.756703 0.0664665 0.0697727
0 0.610125 0.718082 0.0647227 0.0664229
0 0.778822 0.156921 0.0729756 0.0723901
0 0.669457 0.610786 0.0692482 0.0726879
0 0.915959 0.673072 0.0710348 0.0728543
0 0.66767 0.459331 0.0688803 0.0736657
0 0.609946 0.648609 0.0654147 0.072523
0 0.482639 0.426161 0.0677142 0.0700636
0 0.925548 0.81537 0.073861 0.0714517
0 0.796505 0.959882 0.0661013 0.0699995
0 0.60762 0.927633 0.0696752 0.0707614
0 0.836998 0.0410611 0.0772665 0.071336
0 0.855878 0.922843 0.0735065 0.0746616
0 0.350263 0.20448 0.0717977 0.0698943
0 0.608251 0.576157 0.0675297 0.0720925
0 0.548517 0.611486 0.0650095 0.0711404
0 0.484378 0.92145 0.0657622 0.0712105
0 0.422484 0.537993 0.0673541 0.0715296
0 0.787284 0.455744 0.0696223 0.0720378
0 0.232819 0.363197 0.0671112 0.0695813
0 0.918945 0.74436 0.0721546 0.0716635
0 0.923753 0.885921 0.0735557 0.0721865
0 0.854102 0.850765 0.0748613 0.0714808
0 0.296773 0.395911 0.0696588 0.0717244
0 0.913867 0.601395 0.0710672 0.0761571
0 0.546252 0.954353 0.0677004 0.0665085
0 0.299931 0.46635 0.0718759 0.0752536
0 0.404486 0.0926774 0.0739555 0.0738561
0 0.794664 0.892413 0.0660937 0.0689116
0 0.605194 0.425868 0.0703948 0.0718535
0 0.733382 0.860045 0.0694845 0.0719419
0 0.670668 0.827392 0.0687274 0.0713779
0 0.10535 0.289783 0.0709578 0.0702537
0 0.857924 0.781443 0.0726798 0.0691504
0 0.174689 0.541377 0.0673198 0.0721849
0 0.971739 0.606295 0.0556509 0.060746
0 0.858545 0.979792 0.0739228 0.0404156
0 0.0476387 0.395502 0.0691048 0.0700588
0 0.421694 0.461745 0.066131 0.0697485
0 0.728589 0.717915 0.0697126 0.0717822
0 0.668433 0.536997 0.070303 0.0753555
0 0.0347703 0.111714 0.0678091 0.0680613
0 0.04548 0.32559 0.0674628 0.0723341
0 0.789352 0.527453 0.0701032 0.0720756
0 0.485215 0.849475 0.0668865 0.0693978
0 0.670485 0.894833 0.0693536 0.0696219
0 0.0929314 0.0190288 0.0678888 0.0380576
0 0.114511 0.576314 0.0681801 0.0695503
0 0.847694 0.414802 0.0711472 0.0747063
0 0.360961 0.575674 0.0671993 0.0716904
0 0.730284 0.574593 0.0722064 0.0803053
0 0.730806 0.788821 0.0713543 0.0705347
0 0.42509 0.88938 0.0675151 0.0720077
0 0.0351815 0.0401656 0.0703631 0.0771794
0 0.109865 0.361134 0.0678507 0.0718669
0 0.79399 0.822109 0.0712692 0.0743775
0 0.361824 0.503712 0.0668095 0.0692448
0 0.48743 0.784 0.0699722 0.0667892
0 0.487091 0.577173 0.0700862 0.0744171
0 0.114383 0.645319 0.0684846 0.0689044
0 0.299784 0.612165 0.0684665 0.0696882
0 0.30029 0.543494 0.0692983 0.0696088
0 0.675387 0.964735 0.0732405 0.0693691
0 0.855724 0.709771 0.070955 0.0699346
0 0.238446 0.647363 0.0680018 0.0672896
0 0.550917 0.817526 0.0700549 0.0673676
0 0.54978 0.68338 0.0670779 0.0692201
0 0.720126 0.267367 0.0709312 0.0713268
0 0.785709 0.379133 0.077229 0.079523
0 0.968197 0.550815 0.0615621 0.0647213
0 0.424279 0.958881 0.0666534 0.0680934
0 0.90609 0.0836397 0.072912 0.0740961
0 0.176046 0.612979 0.0697572 0.0702561
0 0.171996 0.395465 0.0663083 0.0702271
0 0.113639 0.791431 0.0694388 0.07225
0 0.366085 0.792234 0.0679463 0.0713589
0 0.228903 0.287063 0.0728576 0.0733083
0 0.424757 0.818572 0.0680853 0.0635132
0 0.0960778 0.146658 0.0744582 0.0669637
0 0.58359 0.0525003 0.068548 0.068824
0 0.361704 0.645808 0.0676717 0.0693393
0 0.174446 0.468305 0.0662632 0.0688468
0 0.114103 0.861149 0.0701274 0.0703291
0 0.792648 0.610123 0.0691085 0.0728475
0 0.414454 0.237788 0.0678445 0.0680387
0 0.112851 0.43275 0.0692485 0.0719898
0 0.236559 0.576765 0.0678233 0.0708032
0 0.980963 0.738296 0.0371203 0.0642674
0 0.724162 0.336573 0.0715526 0.0686864
0 0.792363 0.749647 0.0732844 0.0716273
0 0.853991 0.64022 0.0726253 0.0718617
0 0.302226 0.753709 0.0686212 0.0684655
0 0.049585 0.467494 0.0701961 0.0728115
0 0.0537835 0.610453 0.0709993 0.0694621
0 0.308391 0.894707 0.0731565 0.0702099
0 0.966905 0.488855 0.0654845 0.0698564
0 0.770928 0.0209271 0.0704551 0.0418541
0 0.599205 0.268149 0.070631 0.0699518
0 0.472117 0.1987 0.0703328 0.0722378
0 0.2922 0.321801 0.0725067 0.0758129
0 0.728674 0.492124 0.0701789 0.0732566
0 0.364177 0.72036 0.0686431 0.0700419
0 0.424458 0.611304 0.0703374 0.0739048
0 0.717566 0.19392 0.0707119 0.0709073
0 0.0529261 0.537919 0.0699873 0.0722346
0 0.246737 0.933092 0.0772405 0.0768597
0 0.961995 0.335092 0.0653849 0.0684322
0 0.043106 0.252552 0.068893 0.0690076
0 0.415949 0.315454 0.0722623 0.0711641
0 0.962901 0.265382 0.064683 0.0680224
0 0.354479 0.277539 0.0706988 0.0784567
0 0.161838 0.176188 0.0712756 0.0704938
0 0.361529 0.430986 0.0666214 0.0711746
0 0.528234 0.160005 0.0717641 0.0728518
0 0.977034 0.67337 0.0454333 0.0636184
0 0.305323 0.824752 0.0692059 0.0683643
0 0.64509 0.0853319 0.068043 0.0673157
0 0.793466 0.676841 0.0698116 0.0708467
0 0.23442 0.503566 0.065892 0.0711424
0 0.290809 0.241217 0.07225 0.0705624
0 0.285713 0.172985 0.0712842 0.0707526
0 0.177561 0.753038 0.070541 0.0713326
0 0.0392673 0.178375 0.0692518 0.069382
0 0.594352 0.198589 0.0741527 0.0712709
0 0.524448 0.0894792 0.0699865 0.0692709
0 0.0522253 0.896047 0.0701869 0.0686996
0 0.367019 0.862275 0.0666941 0.0696883
0 0.488245 0.649665 0.0684721 0.0715606
0 0.11473 0.929463 0.0706841 0.0681002
0 0.905786 0.299883 0.0735699 0.0701795
0 0.42508 0.684556 0.0689994 0.0704477
0 0.522964 0.0273496 0.0723866 0.0546991
0 0.0522831 0.751007 0.0687257 0.0691017
0 0.962812 0.413182 0.0743759 0.080732
0 0.424951 0.753573 0.0681448 0.0661398
0 0.168711 0.325176 0.0696376 0.0743104
0 0.178561 0.895541 0.0727069 0.0690348
0 0.658937 0.232217 0.0736339 0.0691389
0 0.0534443 0.679179 0.0707691 0.0683506
0 0.183443 0.96595 0.0743031 0.0668178
0 0.466503 0.125914 0.0673801 0.0684094
0 0.713951 0.115765 0.0750105 0.0721033
0 0.355669 0.353832 0.0700165 0.0733756
0 0.487713 0.719432 0.0696788 0.0657201
0 0.589596 0.122089 0.0722063 0.0738434
0 0.225964 0.210133 0.0713127 0.0700088
0 0.301198 0.682276 0.0683134 0.0724982
0 0.462504 0.0547081 0.0677004 0.0718404
0 0.152167 0.0382088 0.0683894 0.0647375
0 0.550982 0.750388 0.0682466 0.0678682
0 0.771059 0.0793278 0.0708146 0.0736123
0 0.114896 0.503886 0.0692124 0.0704398
0 0.907972 0.374611 0.0723958 0.0769675
0 0.0518999 0.825553 0.0713585 0.0732371
0 0.311386 0.964511 0.0751694 0.0693291
0 0.654179 0.159531 0.0716982 0.073338
0 0.245781 0.860948 0.0762528 0.0723073
0 0.165485 0.252868 0.0734184 0.0708966
0 0.535942 0.237571 0.0723603 0.0736396
0 0.846498 0.195253 0.0803754 0.078668
0 0.609528 0.983635 0.0727988 0.0327305
0 0.176513 0.682296 0.0692067 0.0697112
0 0.41844 0.389971 0.0696675 0.0763497
0 0.277432 0.103538 0.070038 0.0658611
0 0.054196 0.964393 0.0764317 0.0698739
0 0.908303 0.231493 0.0698965 0.0684663
0 0.177561 0.826757 0.072742 0.072062
0 0.343758 0.135876 0.0713652 0.0681723
0 0.73767 0.984712 0.0692024 0.0305756
0 0.0151904 0.643983 0.0303808 0.0679283
0 0.726762 0.414633 0.0715077 0.0766748
0 0.214804 0.0159989 0.0711703 0.0319977
0 0.240622 0.71732 0.0685003 0.0702357
0 0.27616 0.0345539 0.0711444 0.0674749
0 0.660919 0.301573 0.0745018 0.071124
0 0.709521 0.0462274 0.0698655 0.0691469
0 0.66424 0.380954 0.0726411 0.0729381
0 0.101951 0.215525 0.0723969 0.0735184
0 0.367013 0.933819 0.064697 0.065786
0 0.90643 0.024315 0.0713043 0.04863
0 0.242257 0.787263 0.0691122 0.0698804
0 0.0146078 0.860541 0.0292156 0.0687006
0 0.339647 0.0637112 0.0682452 0.069967
0 0.114249 0.713543 0.0688352 0.0687023
0 0.0143994 0.793163 0.0287989 0.0727971
0 0.852569 0.570417 0.0722482 0.0760939
0 0.0150399 0.304724 0.0300799 0.0794804
0 0.220377 0.139975 0.0744642 0.0698845
0 0.215152 0.0697631 0.0685073 0.0682319
0 0.0145239 0.575321 0.0290477 0.0695559
0 0.912715 0.526385 0.0717938 0.0751903
0 0.906826 0.153179 0.071255 0.0743158
0 0.369452 0.417023 0.0761316 0.0866369
0 0.846791 0.339709 0.072051 0.0740198
0 0.157398 0.107605 0.0725461 0.068672
0 0.960967 0.922742 0.0580308 0.065688
0 0.910256 0.454654 0.0770591 0.0743735
0 0.462504 0.0110471 0.0627511 0.0220943
0 0.544601 0.889934 0.0685828 0.0664829
0 0.978909 0.838485 0.0407715 0.0691518
0 0.53916 0.384645 0.0709742 0.0767893
0 0.0149918 0.717426 0.0299836 0.0698354
0 0.0142733 0.931017 0.0285466 0.0660589
0 0.338546 0.0141276 0.0652446 0.0282552
0 0.011525 0.360913 0.02305 0.0642443
0 0.477736 0.350599 0.0732919 0.0716993
0 0.369083 0.982288 0.0617045 0.0354236
0 0.117908 0.348425 0.0755144 0.0912907
0 0.847158 0.267414 0.0690838 0.0692021
0 0.0145649 0.439322 0.0291299 0.0681244
0 0.840548 0.937298 0.0801049 0.0935303
0 0.120628 0.98446 0.0758671 0.0310805
0 0.963968 0.195515 0.0626328 0.0713324
0 0.2473 0.985232 0.0741421 0.0295358
0 0.308663 0.378563 0.0804198 0.0954718
0 0.628952 0.627602 0.0859075 0.0908349
0 0.871781 0.769924 0.069284 0.0839975
0 0.0149548 0.505682 0.0299096 0.0659548
0 0.583006 0.940475 0.0981166 0.095516
0 0.492747 0.585703 0.0706977 0.069717
0 0.609056 0.837308 0.0660834 0.061743
0 0.830641 0.969398 0.0930096 0.0597568
0 0.637454 0.659431 0.110498 0.084358
0 0.116562 0.369326 0.0774423 0.0716881
0 0.930769 0.893186 0.0867293 0.0803527
