0 0.888703 0.065816 0.0705426 0.0709111
0 0.70369 0.103834 0.0663259 0.0675134
0 0.765402 0.0702721 0.0668612 0.066614
0 0.576666 0.0360025 0.0701592 0.0667507
0 0.454937 0.176928 0.0680647 0.0711181
0 0.514706 0.0718939 0.069479 0.0697332
0 0.703505 0.172296 0.0670263 0.0697958
0 0.450917 0.0377859 0.0699153 0.0658326
0 0.453232 0.108426 0.0677603 0.0707719
0 0.762793 0.0169039 0.0628508 0.0308129
0 0.64157 0.0667514 0.0696323 0.071608
0 0.954825 0.236917 0.0679229 0.0680711
0 0.389366 0.0729326 0.0682368 0.0675095
0 0.890146 0.137007 0.0689385 0.0701336
0 0.517801 0.140893 0.0703425 0.070769
0 0.957339 0.306077 0.0686026 0.0766737
0 0.389135 0.0200838 0.0697441 0.0379934
0 0.513031 0.0195504 0.0719939 0.0384365
0 0.324059 0.0382777 0.074301 0.0704075
0 0.703953 0.0355468 0.0673649 0.0664797
0 0.829168 0.17251 0.0679864 0.0712626
0 0.580098 0.176197 0.0685244 0.069517
0 0.766065 0.138748 0.0687859 0.0718331
0 0.20001 0.191892 0.0700198 0.0754047
0 0.578832 0.107933 0.0677202 0.0714861
0 0.0301529 0.365496 0.0603057 0.0751408
0 0.838082 0.763023 0.0690806 0.0720577
0 0.954826 0.165391 0.0712681 0.0689359
0 0.704898 0.24202 0.0679836 0.071017
0 0.955384 0.0981711 0.0711174 0.0728422
0 0.767465 0.20803 0.0690956 0.0693849
0 0.0207282 0.0240881 0.0414565 0.0481762
0 0.830148 0.240299 0.0676012 0.0669758
0 0.144126 0.359458 0.0700504 0.0719295
0 0.831951 0.309592 0.0691173 0.0715856
0 0.642441 0.207227 0.0671359 0.0691119
0 0.893055 0.27235 0.0682924 0.0673732
0 0.408927 0.954814 0.0754449 0.0730469
0 0.958269 0.763457 0.0694995 0.0710869
0 0.391742 0.142597 0.0705455 0.0734897
0 0.264112 0.145522 0.071678 0.0739314
0 0.330452 0.181929 0.068632 0.0754349
0 0.326195 0.109029 0.0713141 0.0737075
0 0.642372 0.138645 0.0683248 0.06972
0 0.957569 0.83112 0.0696383 0.068738
0 0.138084 0.14859 0.0709186 0.0748189
0 0.898013 0.726477 0.0697126 0.0729164
0 0.268445 0.358242 0.0696825 0.0725876
0 0.837121 0.908 0.0693781 0.0741203
0 0.135103 0.0209728 0.0755052 0.0408583
0 0.197764 0.0413987 0.0737311 0.0728954
0 0.779102 0.948383 0.0687981 0.067697
0 0.894973 0.339201 0.0711157 0.0759232
0 0.0363747 0.802378 0.0697637 0.0704516
0 0.408626 0.804479 0.0799134 0.0762897
0 0.826945 0.101952 0.0682071 0.0738656
0 0.708565 0.31564 0.0693192 0.0717018
0 0.2612 0.0747686 0.0723062 0.0718632
0 0.890829 0.204995 0.0671482 0.0700039
0 0.216577 0.837219 0.0689696 0.0709983
0 0.900698 0.940874 0.0716711 0.0699114
0 0.0821052 0.328419 0.069933 0.070304
0 0.0969944 0.916414 0.0728769 0.0734451
0 0.777295 0.869265 0.0717728 0.0732141
0 0.657155 0.945638 0.0751631 0.0710359
0 0.769246 0.276127 0.0694573 0.0743829
0 0.0360353 0.952537 0.06788 0.0735795
0 0.331638 0.323663 0.0712074 0.0737276
0 0.0811854 0.259581 0.0686528 0.0679319
0 0.455203 0.247817 0.0679353 0.0714582
0 0.0982677 0.76732 0.0731625 0.0713729
0 0.643695 0.278482 0.0690641 0.0724044
0 0.141112 0.225171 0.0654342 0.0663701
0 0.896856 0.864898 0.0700545 0.0696772
0 0.531203 0.65361 0.0755477 0.0722456
0 0.957343 0.900433 0.0675507 0.0719112
0 0.159681 0.802174 0.0727498 0.0708325
0 0.583523 0.317511 0.0698676 0.0694735
0 0.457584 0.320057 0.06817 0.0673121
0 0.134681 0.0768004 0.0730018 0.0749664
0 0.469071 0.975143 0.0761151 0.049713
0 0.268672 0.283224 0.0707151 0.0727794
0 0.160819 0.951109 0.0780629 0.0733283
0 0.198936 0.110897 0.0720009 0.0722711
0 0.770829 0.348384 0.0702415 0.0709848
0 0.0276179 0.293638 0.0552359 0.0691432
0 0.777655 0.798672 0.0714676 0.0694159
0 0.0959297 0.835388 0.076054 0.0697826
0 0.346098 0.915327 0.073372 0.0732899
0 0.717376 0.832826 0.0736876 0.0693362
0 0.835807 0.685742 0.0731999 0.078758
0 0.266266 0.219755 0.0727656 0.075982
0 0.260197 0.019682 0.0751331 0.0374928
0 0.0268308 0.222346 0.0536616 0.0781421
0 0.641293 0.0155726 0.0712261 0.0301101
0 0.28203 0.952073 0.0755298 0.0743395
0 0.395809 0.355955 0.0723173 0.0730053
0 0.0365843 0.875193 0.068281 0.0773588
0 0.51838 0.285708 0.0705765 0.0771382
0 0.157404 0.876314 0.0755272 0.0741863
0 0.581583 0.244458 0.0710701 0.0744112
0 0.471356 0.842888 0.0740874 0.0781624
0 0.341409 0.841055 0.0806773 0.0812321
0 0.395811 0.285613 0.0706887 0.0688078
0 0.839702 0.972126 0.0751054 0.0557477
0 0.0370713 0.584406 0.0669286 0.0696828
0 0.900423 0.649251 0.0725855 0.0703555
0 0.393375 0.216415 0.0700788 0.0749589
0 0.647956 0.352149 0.0718548 0.0737461
0 0.154877 0.58344 0.0738715 0.0697833
0 0.719941 0.912166 0.0710769 0.0737638
0 0.657313 0.870757 0.0756997 0.0725679
0 0.714612 0.765765 0.0739536 0.0727897
0 0.469982 0.91756 0.0684274 0.0698533
0 0.036065 0.730944 0.07213 0.0774665
0 0.0828428 0.396553 0.0708873 0.0688688
0 0.0980558 0.696442 0.074154 0.0764202
0 0.962577 0.967828 0.0667757 0.0627551
0 0.280449 0.881127 0.0776091 0.0750723
0 0.220701 0.913878 0.0721573 0.0709629
0 0.0367641 0.653846 0.0674893 0.0722451
0 0.71863 0.972765 0.0741725 0.0544695
0 0.959941 0.614191 0.0675297 0.0730042
0 0.899699 0.577986 0.0704353 0.073295
0 0.0939211 0.618197 0.0749148 0.0720443
0 0.219878 0.97301 0.0752631 0.0539798
0 0.530377 0.805279 0.0701922 0.0727096
0 0.3314 0.252053 0.0702096 0.0707867
0 0.525852 0.355428 0.0725851 0.070699
0 0.896168 0.797698 0.0707543 0.0698463
0 0.158343 0.660713 0.0741225 0.0773447
0 0.592199 0.900971 0.0805998 0.0748323
0 0.0719409 0.0431514 0.0731777 0.0721639
0 0.596071 0.837113 0.076269 0.0666547
0 0.838428 0.613444 0.0719985 0.0692124
0 0.15941 0.732483 0.0705445 0.0704921
0 0.344345 0.975216 0.0763609 0.0495679
0 0.0746676 0.109565 0.0684974 0.068189
0 0.220164 0.69803 0.0751714 0.0750699
0 0.0806459 0.187924 0.0698117 0.0773947
0 0.777097 0.728137 0.0749462 0.0781074
0 0.0940459 0.551284 0.069367 0.066746
0 0.887537 0.0149267 0.0708517 0.029766
0 0.655922 0.800886 0.0722446 0.0699693
0 0.774423 0.648287 0.0735843 0.0710638
0 0.959606 0.688681 0.0668643 0.0726421
0 0.216193 0.619291 0.0779598 0.0770119
0 0.652772 0.730437 0.0738204 0.0748699
0 0.274258 0.799433 0.0720427 0.0715828
0 0.468447 0.766333 0.073104 0.0712602
0 0.0977344 0.975329 0.0738623 0.0493414
0 0.647923 0.0607862 0.0784364 0.0874141
0 0.466521 0.692266 0.0781094 0.0785313
0 0.715259 0.613295 0.073627 0.0694385
0 0.213776 0.550453 0.071373 0.071149
0 0.776933 0.579892 0.0744615 0.0704324
0 0.272054 0.128857 0.074803 0.093739
0 0.341359 0.766078 0.073936 0.0708659
0 0.903218 0.986439 0.0689929 0.0271219
0 0.9588 0.540938 0.0692358 0.0747054
0 0.590197 0.684096 0.0788779 0.0803223
0 0.59161 0.971184 0.0789026 0.0576328
0 0.589733 0.61051 0.0749578 0.0700393
0 0.653539 0.650657 0.0716252 0.0695119
0 0.573277 0.0540181 0.0756598 0.0894561
0 0.28106 0.732367 0.0673875 0.0695246
0 0.409424 0.731599 0.0722736 0.0743438
0 0.217902 0.766441 0.0690157 0.0691466
0 0.593005 0.0298367 0.0802929 0.0596322
0 0.142264 0.291135 0.0677376 0.0690517
0 0.657712 0.986042 0.0713546 0.0279157
0 0.78013 0.981458 0.065995 0.0370831
0 0.0338536 0.522966 0.0634971 0.0630693
0 0.506059 0.0261474 0.0763113 0.0517226
0 0.465954 0.620642 0.0756021 0.0721416
0 0.657541 0.0279092 0.0940158 0.052936
0 0.959215 0.154005 0.0781829 0.0816327
0 0.579602 0.119591 0.0683589 0.0648549
