0 0.0278843 0.212343 0.0557687 0.0733286
0 0.677966 0.90136 0.0700405 0.0738463
0 0.858063 0.787262 0.0706038 0.0691636
0 0.541677 0.696289 0.0709212 0.0711756
0 0.921348 0.748547 0.068256 0.0713786
0 0.357128 0.738901 0.0688128 0.0714163
0 0.421126 0.771392 0.0672685 0.0705104
0 0.855789 0.712304 0.0714345 0.0737863
0 0.483791 0.804178 0.0673743 0.0680047
0 0.742055 0.939293 0.0709457 0.071908
0 0.699812 0.0213855 0.0705061 0.042771
0 0.300606 0.856817 0.0663456 0.0700157
0 0.48109 0.735042 0.0691791 0.072593
0 0.362331 0.81344 0.0696691 0.0672413
0 0.734493 0.792338 0.0676544 0.0700922
0 0.614831 0.93234 0.0696077 0.0654789
0 0.953318 0.208547 0.0674664 0.0701675
0 0.794306 0.751099 0.0699258 0.0717187
0 0.232463 0.746909 0.0713921 0.0745819
0 0.266103 0.0562089 0.0681735 0.0720383
0 0.294819 0.708329 0.069339 0.070821
0 0.79738 0.823116 0.0663038 0.0699373
0 0.417776 0.699893 0.0717708 0.0738409
0 0.329689 0.0876063 0.0674465 0.065802
0 0.669837 0.762534 0.0703058 0.0728161
0 0.820994 0.0163227 0.0719218 0.0314961
0 0.298901 0.782221 0.068408 0.0703849
0 0.889849 0.174747 0.0672954 0.0725317
0 0.168959 0.788519 0.0724715 0.0730627
0 0.0800481 0.102778 0.0680193 0.0688682
0 0.423568 0.839615 0.0661796 0.0667977
0 0.45424 0.0886058 0.0655541 0.0659513
0 0.576881 0.080722 0.066746 0.0680482
0 0.616626 0.970197 0.0694962 0.0586256
0 0.673178 0.832213 0.0681677 0.0689023
0 0.205979 0.166025 0.0688035 0.0657299
0 0.605309 0.730185 0.0717804 0.0722243
0 0.175848 0.935632 0.0712568 0.0780003
0 0.916413 0.673693 0.0711219 0.0710629
0 0.025884 0.138707 0.051768 0.0730945
0 0.394532 0.196112 0.0693657 0.0686159
0 0.730867 0.718352 0.0715359 0.0740703
0 0.269259 0.199626 0.0696907 0.0702087
0 0.140994 0.0635788 0.0651471 0.0781026
0 0.143657 0.208547 0.0687773 0.0689488
0 0.885866 0.0990773 0.0706624 0.072478
0 0.489472 0.876759 0.0697612 0.0770445
0 0.45764 0.232765 0.0679067 0.0701682
0 0.199007 0.0288133 0.0723823 0.0576266
0 0.238072 0.823748 0.07162 0.0730188
0 0.608886 0.799031 0.0678086 0.0700574
0 0.0460009 0.866108 0.0704348 0.0722289
0 0.554882 0.979936 0.0743588 0.0394783
0 0.455817 0.159235 0.0679424 0.0714331
0 0.519093 0.265375 0.068776 0.0694551
0 0.581978 0.296518 0.0702279 0.0682179
0 0.26751 0.128731 0.067088 0.0683673
0 0.0260133 0.0650753 0.0520266 0.0765999
0 0.493035 0.958089 0.0692562 0.0713294
0 0.397876 0.268266 0.0711551 0.0712809
0 0.971222 0.709202 0.0575554 0.0736542
0 0.737256 0.863983 0.0686891 0.0707054
0 0.206898 0.2377 0.0706224 0.0722442
0 0.229272 0.675008 0.0719404 0.0710098
0 0.922674 0.818942 0.0675058 0.0724965
0 0.553169 0.914873 0.0709145 0.074808
0 0.792229 0.675895 0.0708718 0.0707335
0 0.173532 0.860757 0.0709272 0.0725667
0 0.645833 0.330868 0.0703866 0.0676887
0 0.107288 0.827958 0.0703826 0.0742128
0 0.948098 0.131034 0.0721357 0.0717062
0 0.801344 0.896 0.0689971 0.0717154
0 0.10409 0.75606 0.073023 0.0713177
0 0.354475 0.669548 0.0715094 0.0738108
0 0.110551 0.898428 0.0669671 0.0696039
0 0.862153 0.858767 0.0706086 0.0729215
0 0.518928 0.193235 0.0701618 0.07261
0 0.0807789 0.174658 0.0694883 0.0728745
0 0.709878 0.293001 0.069892 0.0706575
0 0.574059 0.0252208 0.0734391 0.0504415
0 0.141766 0.13437 0.0665756 0.073307
0 0.331153 0.160472 0.0698635 0.0709353
0 0.0422565 0.79459 0.0710142 0.0737858
0 0.0500807 0.941443 0.070222 0.0739257
0 0.978008 0.926484 0.0439842 0.0692198
0 0.613569 0.868686 0.0679755 0.0660717
0 0.976681 0.853132 0.0466383 0.0703672
0 0.473412 0.51825 0.0718948 0.0698359
0 0.272223 0.270412 0.0730165 0.0718152
0 0.772708 0.324373 0.0694189 0.0698645
0 0.150474 0.354496 0.0711978 0.0728965
0 0.538144 0.550212 0.0724084 0.0703723
0 0.581367 0.226258 0.0694199 0.0713187
0 0.459773 0.301516 0.0680518 0.0678628
0 0.167177 0.713787 0.0733165 0.0759031
0 0.839284 0.424766 0.0730428 0.0697723
0 0.304355 0.92653 0.0670158 0.0668797
0 0.280001 0.422636 0.0749676 0.0696706
0 0.775365 0.392921 0.0713913 0.0684315
0 0.584227 0.364171 0.0722457 0.0699712
0 0.66447 0.613141 0.0721059 0.0703645
0 0.711909 0.361391 0.0720074 0.0677878
0 0.965129 0.490451 0.0691147 0.0701491
0 0.63813 0.0428762 0.0693824 0.0648723
0 0.113288 0.968955 0.0730259 0.061841
0 0.345641 0.453967 0.0727974 0.0705305
0 0.519952 0.333349 0.0682157 0.0674993
0 0.4619 0.372055 0.0688408 0.0727921
0 0.667016 0.687567 0.0722885 0.0722414
0 0.407227 0.487393 0.0755461 0.070309
0 0.0803921 0.0330774 0.0691912 0.0661547
0 0.239505 0.894248 0.0727673 0.0711555
0 0.961954 0.422233 0.0671959 0.068846
0 0.603641 0.657003 0.0732632 0.0726261
0 0.145712 0.277269 0.0689038 0.0723212
0 0.290329 0.636316 0.0737876 0.0750842
0 0.479039 0.661896 0.072999 0.071393
0 0.428099 0.918401 0.0720909 0.0729716
0 0.579612 0.149315 0.0673842 0.0700929
0 0.393667 0.12404 0.0695966 0.0725854
0 0.102885 0.678805 0.0723484 0.070317
0 0.203053 0.0964481 0.0687368 0.0816442
0 0.707604 0.217796 0.0691102 0.0729988
0 0.210943 0.313439 0.0697317 0.0732363
0 0.338498 0.305217 0.0735402 0.0736382
0 0.652418 0.399564 0.0717291 0.0727708
0 0.0899699 0.394152 0.0762281 0.0709907
0 0.039642 0.579701 0.0681972 0.0711018
0 0.870695 0.925592 0.0751345 0.0677292
0 0.807206 0.967363 0.0750395 0.0641875
0 0.477406 0.585758 0.0722928 0.0700185
0 0.156772 0.424495 0.0735352 0.0698016
0 0.928842 0.891034 0.0715281 0.0705256
0 0.644905 0.261051 0.0716776 0.0751789
0 0.215378 0.388612 0.0724527 0.0697873
0 0.601455 0.582554 0.0713112 0.0689642
0 0.278238 0.349842 0.0741304 0.0757893
0 0.905487 0.457299 0.0760725 0.0689541
0 0.83789 0.356271 0.0695207 0.0694617
0 0.0820197 0.244226 0.069288 0.0671125
0 0.404771 0.415129 0.0687326 0.0722901
0 0.831079 0.214363 0.0675697 0.067903
0 0.892506 0.243346 0.0670218 0.0669447
0 0.912449 0.602625 0.0732734 0.0732973
0 0.517808 0.118831 0.0681317 0.0737606
0 0.72828 0.646355 0.0718179 0.0684228
0 0.930607 0.958106 0.070676 0.0668156
0 0.218067 0.458267 0.0753625 0.0691011
0 0.881611 0.0319775 0.0774574 0.0639549
0 0.342892 0.384898 0.0722058 0.0711092
0 0.225229 0.603582 0.0736466 0.0776143
0 0.525775 0.407039 0.0711358 0.0721679
0 0.83448 0.280829 0.0699786 0.0714847
0 0.770761 0.251494 0.0693431 0.0683522
0 0.333618 0.232538 0.0703594 0.0705096
0 0.768219 0.182804 0.0681291 0.0723444
0 0.960799 0.349561 0.0676341 0.0710871
0 0.401756 0.340785 0.0693824 0.071614
0 0.345467 0.521858 0.0744162 0.0693115
0 0.958314 0.277237 0.0686438 0.0715545
0 0.901177 0.388407 0.0740938 0.0712631
0 0.467124 0.447986 0.0717037 0.0722029
0 0.975524 0.782207 0.0489526 0.0701621
0 0.549569 0.837218 0.0685065 0.0732927
0 0.411157 0.555131 0.0756642 0.0674505
0 0.414233 0.627252 0.0742511 0.0745604
0 0.716182 0.42641 0.0746001 0.0694443
0 0.78855 0.606374 0.0730375 0.0715637
0 0.644153 0.183861 0.0697603 0.0739573
0 0.245021 0.965218 0.0764543 0.0679289
0 0.541325 0.623742 0.0714031 0.0750985
0 0.966107 0.564101 0.0677859 0.0761994
0 0.661472 0.544306 0.0731828 0.07254
0 0.0423988 0.722237 0.0707716 0.0802482
0 0.533368 0.479257 0.0751334 0.0747371
0 0.280856 0.490634 0.0753999 0.0683101
0 0.283923 0.559183 0.0771569 0.0711488
0 0.0348093 0.431136 0.0696187 0.0738574
0 0.221623 0.53054 0.0716576 0.0730338
0 0.659756 0.472743 0.071614 0.073267
0 0.0424128 0.648126 0.0670653 0.0692744
0 0.968928 0.63529 0.062145 0.0778732
0 0.845239 0.494225 0.0769966 0.0719498
0 0.0367803 0.507337 0.0713023 0.0746267
0 0.94748 0.0598342 0.0729182 0.0726279
0 0.156702 0.493518 0.0747668 0.0702938
0 0.781244 0.465419 0.0741603 0.074295
0 0.0942704 0.463875 0.0779601 0.0734536
0 0.161495 0.569632 0.0735728 0.0720017
0 0.852075 0.639871 0.0724666 0.0740488
0 0.16333 0.640336 0.0738509 0.0738835
0 0.349783 0.597073 0.0762394 0.074878
0 0.421079 0.0189817 0.0569463 0.0379633
0 0.599077 0.513449 0.0767231 0.0713513
0 0.591595 0.435506 0.0780305 0.075765
0 0.785716 0.537288 0.0731373 0.0719033
0 0.90003 0.315063 0.0680411 0.0701219
0 0.849211 0.569579 0.0729113 0.0710449
0 0.36866 0.956974 0.0700712 0.0689747
0 0.907566 0.527527 0.0758603 0.071221
0 0.392951 0.0546223 0.069034 0.0708016
0 0.870865 0.979008 0.0697336 0.0419846
0 0.0976335 0.537982 0.0714283 0.0699329
0 0.309623 0.978587 0.0726017 0.0428258
0 0.721246 0.504741 0.0723543 0.0714088
0 0.099396 0.609107 0.073413 0.0737299
0 0.0324098 0.354441 0.0648196 0.0844375
0 0.213506 0.0886562 0.0805213 0.0906387
0 0.0893536 0.319598 0.0734918 0.0784487
0 0.433798 0.977488 0.0742011 0.0450238
0 0.723294 0.573028 0.0736794 0.0725718
0 0.390612 0.0102837 0.0583797 0.0205675
0 0.261928 0.011308 0.0691024 0.0226161
0 0.946989 0.0137117 0.0722995 0.0274234
0 0.987501 0.0972696 0.0249976 0.0720451
0 0.977738 0.979897 0.0445231 0.0395393
0 0.400601 0.0584929 0.0696015 0.0541431
0 0.758341 0.0381068 0.0755742 0.0732906
0 0.0121808 0.902254 0.0243615 0.0683694
0 0.616831 0.950923 0.0735071 0.0892115
0 0.986477 0.0296263 0.027045 0.05703
0 0.828855 0.145393 0.0654962 0.0708114
0 0.0266305 0.0138716 0.0502702 0.0277433
0 0.177794 0.986365 0.0726882 0.0272692
0 0.705509 0.148581 0.0665617 0.0688043
0 0.0136037 0.970716 0.0272075 0.0538354
0 0.15173 0.130387 0.0839939 0.0845719
0 0.744631 0.986651 0.0656364 0.0266985
0 0.931182 0.813265 0.083271 0.0881733
0 0.364952 0.874335 0.0715494 0.0738268
0 0.511163 0.0110193 0.0678191 0.0220386
0 0.552203 0.82519 0.0689874 0.0800369
0 0.987895 0.172655 0.0232661 0.0759868
0 0.520774 0.105721 0.069405 0.0812027
0 0.0514408 0.985939 0.0688118 0.0281211
0 0.0375741 0.593655 0.070278 0.073225
0 0.947219 0.775907 0.0979028 0.0699954
0 0.309372 0.769318 0.0782928 0.0867136
