0 0.203745 0.896346 0.0646763 0.0712188
0 0.826554 0.963065 0.0687608 0.0655551
0 0.824293 0.894045 0.0704906 0.0711709
0 0.0813165 0.304053 0.0692132 0.0725455
0 0.0813195 0.612624 0.0694253 0.0713952
0 0.326846 0.892524 0.06803 0.0704155
0 0.144599 0.202285 0.0699874 0.0711191
0 0.14361 0.342007 0.0687344 0.0741915
0 0.0268373 0.720794 0.0536746 0.0839105
0 0.0275341 0.864873 0.0550682 0.0698916
0 0.264914 0.933319 0.0689133 0.0776399
0 0.0797571 0.6805 0.0675359 0.0738678
0 0.324222 0.963599 0.0618566 0.0638225
0 0.142137 0.716878 0.0685953 0.0711846
0 0.143533 0.93592 0.0666644 0.0758677
0 0.206276 0.612861 0.067257 0.0697448
0 0.0802014 0.0306168 0.0685613 0.0612336
0 0.0809128 0.171477 0.07027 0.0731952
0 0.577032 0.682661 0.0669057 0.0792699
0 0.0264236 0.133799 0.0528472 0.0769629
0 0.389881 0.788853 0.0664095 0.0704116
0 0.388486 0.861248 0.0685847 0.0722274
0 0.144591 0.861815 0.0681286 0.0675881
0 0.0811905 0.830676 0.0688788 0.0693562
0 0.0270009 0.0145057 0.0493434 0.0290113
0 0.518557 0.0560818 0.0683624 0.0693704
0 0.69802 0.894127 0.0710874 0.0718997
0 0.207732 0.236707 0.0720659 0.0699781
0 0.0278371 0.269178 0.0556741 0.0722569
0 0.143094 0.792594 0.0697309 0.0727851
0 0.887504 0.984314 0.0626383 0.0313712
0 0.0830586 0.896259 0.0711838 0.067302
0 0.518216 0.121441 0.0680878 0.0666871
0 0.266425 0.576764 0.0663532 0.0687177
0 0.0807445 0.0974967 0.0696401 0.0717968
0 0.449423 0.895324 0.069039 0.0702492
0 0.449624 0.82187 0.0691547 0.0762353
0 0.270623 0.269239 0.0694627 0.0678579
0 0.08179 0.237757 0.0699284 0.0656862
0 0.517556 0.576362 0.0683441 0.0718129
0 0.758696 0.0259496 0.0748205 0.0518991
0 0.0797488 0.759761 0.0672215 0.0737555
0 0.209089 0.303521 0.0722535 0.0736881
0 0.884588 0.026214 0.0747421 0.0524279
0 0.982615 0.364349 0.0342715 0.0635927
0 0.332017 0.163339 0.0682341 0.0706624
0 0.0255143 0.0677302 0.0510286 0.0744175
0 0.393807 0.198701 0.0693799 0.0682418
0 0.759834 0.859489 0.0732596 0.0686827
0 0.50855 0.928583 0.0711081 0.0713333
0 0.88096 0.643208 0.0714443 0.0700073
0 0.51974 0.334728 0.0702662 0.0669617
0 0.885361 0.856991 0.0715768 0.0754534
0 0.270091 0.127665 0.0695216 0.0710965
0 0.457055 0.233819 0.0695963 0.0691726
0 0.456576 0.303098 0.0682579 0.0705429
0 0.943396 0.676291 0.0709457 0.0720999
0 0.207178 0.1667 0.0713283 0.07239
0 0.98411 0.640338 0.0311313 0.0703182
0 0.0822218 0.962854 0.0740946 0.0722044
0 0.456465 0.163372 0.0692613 0.0721934
0 0.758189 0.645213 0.072413 0.0695407
0 0.454891 0.0297459 0.0706617 0.0594917
0 0.14735 0.579463 0.072283 0.0696917
0 0.51928 0.196095 0.0695191 0.0680342
0 0.98649 0.853269 0.027015 0.0735438
0 0.394262 0.126159 0.0699172 0.0718055
0 0.939876 0.330013 0.0706286 0.0696774
0 0.205595 0.684164 0.068541 0.0725708
0 0.143257 0.13161 0.0694545 0.0707487
0 0.394471 0.334755 0.0694081 0.0652182
0 0.331989 0.0906743 0.0685226 0.0699117
0 0.759373 0.0853543 0.0719132 0.0698771
0 0.942263 0.261021 0.0715649 0.0730609
0 0.14324 0.0595014 0.0688912 0.0723632
0 0.332366 0.234661 0.0691876 0.0701854
0 0.945777 0.0492729 0.0710551 0.0739174
0 0.754503 0.297924 0.0766778 0.0688948
0 0.817904 0.332084 0.0704803 0.0701086
0 0.878813 0.363947 0.0708735 0.068909
0 0.879141 0.296882 0.0747149 0.0677307
0 0.206631 0.0931559 0.070601 0.0711477
0 0.332751 0.301913 0.0697919 0.0676014
0 0.884625 0.0849937 0.0712152 0.0683764
0 0.456488 0.0911741 0.0683578 0.0694258
0 0.39482 0.267978 0.0702751 0.0704319
0 0.818604 0.610287 0.0713506 0.0708158
0 0.821815 0.0487682 0.0735493 0.0732451
0 0.821962 0.823491 0.0735874 0.0758986
0 0.88081 0.227853 0.0743387 0.0728147
0 0.270452 0.337455 0.0706707 0.0701895
0 0.88327 0.710733 0.0711297 0.0685539
0 0.581755 0.301535 0.0686736 0.0718048
0 0.142879 0.648263 0.0682305 0.0708945
0 0.326191 0.822997 0.0712596 0.0754266
0 0.269428 0.0580432 0.068475 0.0689629
0 0.332726 0.0296376 0.0700296 0.0592752
0 0.946517 0.748472 0.0713621 0.0707903
0 0.821949 0.748968 0.07181 0.0735637
0 0.758972 0.788139 0.0744512 0.0731311
0 0.880005 0.574679 0.0723369 0.0717931
0 0.945812 0.118262 0.0714347 0.0700648
0 0.508019 0.856415 0.0723083 0.0733156
0 0.270909 0.201257 0.0695138 0.0697963
0 0.939107 0.464031 0.0761759 0.0717888
0 0.392922 0.0558378 0.0667261 0.0669711
0 0.208228 0.029971 0.0727377 0.059942
0 0.755497 0.369741 0.0750372 0.0743092
0 0.0273745 0.797356 0.054749 0.0736275
0 0.941428 0.60608 0.0706704 0.0721266
0 0.75961 0.7132 0.0720205 0.0688353
0 0.884936 0.784879 0.072664 0.0761102
0 0.520424 0.266113 0.0711365 0.0716255
0 0.564404 0.966729 0.0750656 0.0665425
0 0.944233 0.19098 0.0717623 0.0698683
0 0.938258 0.395649 0.0714166 0.0705187
0 0.510276 0.786625 0.073226 0.0678225
0 0.756567 0.576186 0.0727109 0.0715177
0 0.821045 0.118603 0.071281 0.0660062
0 0.82008 0.677339 0.0706213 0.0696139
0 0.754845 0.228351 0.0729904 0.0705334
0 0.446577 0.959949 0.073826 0.068902
0 0.945287 0.890181 0.0702412 0.0742477
0 0.946814 0.817222 0.0719757 0.0709941
0 0.817788 0.263386 0.0723364 0.0726834
0 0.0281046 0.575982 0.0562092 0.0769536
0 0.818414 0.400136 0.0721303 0.0679713
0 0.0261645 0.203436 0.052329 0.0613071
0 0.882152 0.154343 0.0750233 0.0717974
0 0.983734 0.569389 0.032532 0.0685333
0 0.8174 0.192043 0.0772154 0.0762351
0 0.984618 0.0830921 0.029961 0.0689197
0 0.878689 0.430674 0.0730612 0.0677618
0 0.75593 0.159586 0.0723262 0.0699197
0 0.697104 0.968013 0.0690682 0.063974
0 0.817893 0.540338 0.0732081 0.0694549
0 0.986395 0.0226779 0.0272108 0.0453559
0 0.328025 0.746079 0.0709823 0.074903
0 0.755369 0.442538 0.0731194 0.0697949
0 0.879072 0.504971 0.0762999 0.0752188
0 0.75545 0.508362 0.0731037 0.0681665
0 0.939976 0.536971 0.0715342 0.0705177
0 0.817086 0.473856 0.0726149 0.0704088
0 0.98182 0.43093 0.0363598 0.0697484
0 0.206531 0.541476 0.0652678 0.0722971
0 0.575862 0.607092 0.0614097 0.0672104
0 0.985022 0.154917 0.0299561 0.0668116
0 0.580888 0.231545 0.0665202 0.0665908
0 0.697324 0.0514347 0.0712714 0.0717815
0 0.577572 0.0285395 0.0599669 0.0564749
0 0.575245 0.755252 0.069065 0.071043
0 0.507803 0.985452 0.0718895 0.0290953
0 0.98585 0.928214 0.0283005 0.0664155
0 0.983435 0.501501 0.0331304 0.0736745
0 0.516889 0.644404 0.0702022 0.0715908
0 0.984605 0.712991 0.0307899 0.0695527
0 0.390064 0.714718 0.0659524 0.0707666
0 0.983791 0.292897 0.0321794 0.074084
0 0.984755 0.221626 0.0304894 0.0677109
0 0.692082 0.33158 0.072849 0.0718291
0 0.145077 0.985557 0.0733415 0.0288857
0 0.985456 0.779684 0.0290881 0.065743
0 0.697412 0.822753 0.0711358 0.0727228
0 0.265395 0.985761 0.0699915 0.028479
0 0.6954 0.124986 0.0717064 0.0731171
0 0.696614 0.613976 0.0692333 0.0704477
0 0.513898 0.717904 0.0699506 0.0778661
0 0.332641 0.369761 0.0698577 0.0705927
0 0.580434 0.166144 0.066177 0.0630493
0 0.394176 0.0118024 0.0639142 0.0236049
0 0.692191 0.263708 0.070336 0.0669825
0 0.372092 0.984433 0.0577016 0.0311341
0 0.14383 0.0119847 0.0683734 0.0239694
0 0.519919 0.0112643 0.0686002 0.0225286
0 0.695988 0.753642 0.0727541 0.0702968
0 0.696431 0.683448 0.0707633 0.0705968
0 0.271306 0.0120268 0.0660181 0.0240537
0 0.692911 0.40445 0.0729935 0.0742375
0 0.569271 0.819492 0.0713398 0.0670868
0 0.693182 0.197483 0.071615 0.0689183
0 0.0285641 0.341675 0.0571282 0.0791947
0 0.694346 0.545123 0.0707574 0.072238
0 0.986597 0.980626 0.0268065 0.0387479
0 0.693189 0.475209 0.0714478 0.0666784
0 0.0807594 0.54222 0.0674471 0.0669147
0 0.696772 0.0124191 0.0692823 0.0248382
0 0.569579 0.893507 0.0731266 0.0748451
0 0.582223 0.372302 0.0708995 0.0715294
0 0.307361 0.955823 0.091658 0.0750673
0 0.204177 0.753959 0.067266 0.0659691
0 0.408995 0.016885 0.0739275 0.0337701
0 0.327052 0.614879 0.0685176 0.0738657
