0 0.674503 0.880234 0.0656638 0.0705702
0 0.860397 0.0139568 0.0670674 0.0279136
0 0.926836 0.602225 0.0714531 0.0772864
0 0.736697 0.779833 0.0691803 0.0721614
0 0.976721 0.632825 0.0465583 0.0740303
0 0.670887 0.0413072 0.0678425 0.0696486
0 0.733685 0.0202488 0.0717046 0.0403075
0 0.801063 0.74213 0.0690364 0.0665443
0 0.798967 0.181512 0.0672743 0.0707763
0 0.427819 0.243974 0.0723146 0.0750671
0 0.674472 0.808955 0.0652452 0.0691078
0 0.794254 0.0375509 0.0643668 0.0633384
0 0.858721 0.27896 0.0665839 0.0694306
0 0.797399 0.323035 0.0646129 0.0702808
0 0.797799 0.251025 0.0658894 0.0670779
0 0.92085 0.390077 0.0676389 0.0697465
0 0.859666 0.14259 0.0664084 0.0701838
0 0.736192 0.145824 0.0692306 0.0686937
0 0.919 0.105819 0.0659733 0.0698058
0 0.610717 0.14513 0.0662663 0.0679166
0 0.920349 0.17608 0.0651524 0.06839
0 0.91941 0.034966 0.0656524 0.0656679
0 0.55068 0.173443 0.067342 0.0684049
0 0.973583 0.351541 0.052834 0.0680239
0 0.919102 0.31774 0.0704012 0.0715122
0 0.860227 0.210627 0.0663807 0.0681536
0 0.921836 0.456129 0.0675493 0.0695436
0 0.305817 0.314365 0.0674462 0.0684237
0 0.550398 0.0325754 0.0680606 0.0651507
0 0.974465 0.419963 0.0510693 0.0722152
0 0.673315 0.17979 0.0677963 0.0696661
0 0.799182 0.392227 0.0673172 0.0687193
0 0.487188 0.0132218 0.0689099 0.0264437
0 0.800749 0.601912 0.0688572 0.0711901
0 0.675283 0.737478 0.0677153 0.0706643
0 0.797327 0.107364 0.0672884 0.0704474
0 0.551757 0.103582 0.0694726 0.0694913
0 0.919412 0.244193 0.0686581 0.0716684
0 0.610469 0.0771757 0.0652341 0.0720641
0 0.801657 0.673324 0.0706881 0.0712507
0 0.975541 0.490722 0.0489179 0.0699857
0 0.860147 0.424233 0.0661229 0.0679445
0 0.631598 0.969684 0.0764697 0.0606323
0 0.675335 0.391954 0.0687768 0.0703865
0 0.676496 0.320827 0.0684781 0.0723331
0 0.859427 0.355932 0.0672541 0.072418
0 0.615516 0.486704 0.06847 0.0681716
0 0.675898 0.666068 0.0686191 0.068352
0 0.863043 0.564898 0.0701499 0.0771365
0 0.971552 0.210209 0.0568951 0.0706354
0 0.244989 0.351853 0.0659162 0.0669168
0 0.860029 0.490208 0.0675039 0.0685054
0 0.119942 0.144409 0.0701598 0.0685927
0 0.738855 0.850689 0.0722953 0.0650218
0 0.365019 0.281016 0.0670085 0.0696659
0 0.486732 0.0601996 0.0682354 0.0696454
0 0.737843 0.356289 0.069247 0.069725
0 0.0598686 0.393583 0.0749629 0.0700398
0 0.489393 0.137686 0.0696332 0.0725833
0 0.0568723 0.0417649 0.0635323 0.0626468
0 0.737755 0.285011 0.0682738 0.0700414
0 0.675525 0.248109 0.0679119 0.0678583
0 0.611227 0.0201435 0.0669923 0.0401983
0 0.799019 0.458847 0.0660686 0.0665755
0 0.492615 0.276737 0.0671184 0.062414
0 0.73788 0.707291 0.0706599 0.0697963
0 0.0671585 0.674272 0.0720681 0.0667766
0 0.427195 0.103062 0.0677145 0.0703227
0 0.42821 0.173627 0.0702823 0.0695077
0 0.180841 0.109504 0.0709142 0.070228
0 0.675431 0.461525 0.0674484 0.0664819
0 0.36416 0.208536 0.0703681 0.0691444
0 0.611667 0.209665 0.0674763 0.0657221
0 0.881411 0.893118 0.0725119 0.0684172
0 0.193709 0.957641 0.0738033 0.0698659
0 0.366106 0.140402 0.0714335 0.0703332
0 0.758096 0.964627 0.0730047 0.0651076
0 0.553318 0.450625 0.0692344 0.0682884
0 0.316607 0.736637 0.0722566 0.0693896
0 0.884145 0.957991 0.0705853 0.0699518
0 0.969658 0.139319 0.0606842 0.0730212
0 0.551774 0.24005 0.0676183 0.0677015
0 0.302087 0.178414 0.0682018 0.0664868
0 0.242343 0.143864 0.0697826 0.0686983
0 0.0594653 0.111068 0.0694109 0.0686508
0 0.0608393 0.178447 0.0679664 0.06778
0 0.94573 0.920474 0.0743685 0.0732512
0 0.925317 0.524508 0.0692797 0.0749025
0 0.617425 0.769502 0.0676148 0.0692091
0 0.317083 0.952689 0.0734056 0.0693563
0 0.738734 0.563085 0.069342 0.0674069
0 0.61556 0.417495 0.0679615 0.0682009
0 0.492639 0.486551 0.0691205 0.0684642
0 0.737862 0.426389 0.0696812 0.0691717
0 0.866416 0.654067 0.075267 0.0887556
0 0.243977 0.491888 0.0687871 0.0704636
0 0.614157 0.623686 0.0678568 0.0693812
0 0.424978 0.0322808 0.0662605 0.0627425
0 0.12879 0.706095 0.0727385 0.0695012
0 0.439559 0.881854 0.0721534 0.0765219
0 0.185676 0.45727 0.0733836 0.0688589
0 0.438639 0.734185 0.0734982 0.0698876
0 0.616037 0.697603 0.068908 0.0738076
0 0.675526 0.595735 0.069015 0.0707059
0 0.553499 0.518559 0.0704718 0.0690005
0 0.18143 0.247725 0.0695391 0.0715524
0 0.304879 0.11005 0.0706398 0.070758
0 0.180452 0.0381274 0.0687187 0.0648234
0 0.191941 0.738482 0.071577 0.0695889
0 0.124499 0.424676 0.0757934 0.0690854
0 0.127349 0.639458 0.0747387 0.0681421
0 0.0225148 0.848566 0.0450296 0.0728363
0 0.49094 0.207866 0.0693833 0.0686956
0 0.553571 0.379776 0.069077 0.0699408
0 0.800063 0.529629 0.0668346 0.0689654
0 0.252532 0.703651 0.0775313 0.0690656
0 0.969328 0.0685204 0.0613434 0.0757818
0 0.55654 0.733208 0.0701234 0.0701783
0 0.739066 0.63685 0.0710307 0.0739802
0 0.185235 0.390067 0.0718285 0.0682347
0 0.498314 0.767963 0.0741653 0.0704639
0 0.738487 0.495447 0.0691814 0.0701227
0 0.306716 0.528587 0.072266 0.0711437
0 0.376935 0.769563 0.0762824 0.0681818
0 0.0677482 0.606426 0.070869 0.0694733
0 0.555187 0.658424 0.066431 0.0695109
0 0.868531 0.745725 0.0769496 0.0805073
0 0.19016 0.671205 0.0741276 0.06786
0 0.242647 0.0741078 0.0711959 0.0722294
0 0.0172772 0.430566 0.0345544 0.0714511
0 0.241612 0.213316 0.067263 0.0661138
0 0.0208876 0.710104 0.0417751 0.0705047
0 0.124543 0.357829 0.0724076 0.0680616
0 0.976457 0.55832 0.0470854 0.0697224
0 0.564656 0.946501 0.0773606 0.0703069
0 0.0201421 0.641097 0.0402842 0.0706646
0 0.61665 0.840259 0.0628247 0.0676148
0 0.614786 0.553356 0.0679107 0.0668149
0 0.0169168 0.0789752 0.0338336 0.0710238
0 0.49767 0.839908 0.0705235 0.0745294
0 0.02188 0.77796 0.0437601 0.0678213
0 0.193734 0.882236 0.0743531 0.074311
0 0.875552 0.827587 0.0802803 0.072462
0 0.255123 0.771658 0.0719512 0.068099
0 0.736484 0.21362 0.067906 0.0671391
0 0.82131 0.928085 0.0719087 0.067662
0 0.0679351 0.740468 0.0714558 0.0683
0 0.31525 0.80331 0.072549 0.0688332
0 0.430778 0.525004 0.0674319 0.0664704
0 0.0183464 0.148685 0.0366928 0.0662353
0 0.616006 0.34812 0.0672867 0.0695626
0 0.491729 0.552868 0.0697689 0.0670609
0 0.0706807 0.883868 0.0730051 0.0706087
0 0.064608 0.325672 0.0689103 0.0674726
0 0.378268 0.701721 0.073396 0.0687611
0 0.0635024 0.252025 0.0710107 0.0759883
0 0.491884 0.418248 0.0686016 0.0690426
0 0.117758 0.0737045 0.0704197 0.0703598
0 0.437659 0.803364 0.0723195 0.0684009
0 0.558032 0.802364 0.0715226 0.0684836
0 0.495905 0.624917 0.0711742 0.0725307
0 0.255831 0.916301 0.0725989 0.0721107
0 0.0706327 0.954614 0.0703252 0.0726711
0 0.179924 0.177014 0.0696225 0.0671081
0 0.304138 0.245777 0.0665669 0.0679978
0 0.194251 0.807894 0.072941 0.0709541
0 0.125278 0.49648 0.0731627 0.0720844
0 0.554127 0.585271 0.0693419 0.0675035
0 0.375955 0.838807 0.07687 0.0724232
0 0.378236 0.915988 0.0736798 0.0730277
0 0.307525 0.0371234 0.0713156 0.068073
0 0.0616734 0.460174 0.0751629 0.0679584
0 0.132017 0.849227 0.0732658 0.0706956
0 0.614036 0.274861 0.0688713 0.0673603
0 0.118104 0.0199062 0.0717793 0.0390059
0 0.244904 0.280733 0.0699381 0.0706092
0 0.251337 0.635244 0.0701255 0.0678953
0 0.432581 0.592139 0.0671702 0.068645
0 0.754684 0.903203 0.0748298 0.0619094
0 0.315939 0.667902 0.073336 0.0724843
0 0.118464 0.210611 0.0707731 0.0678183
0 0.0205271 0.569453 0.0410542 0.0733644
0 0.438059 0.954358 0.0710378 0.0702076
0 0.553795 0.309489 0.0682788 0.0684534
0 0.0698572 0.811295 0.0726425 0.0729825
0 0.944205 0.852552 0.0779164 0.0736772
0 0.0188276 0.28808 0.0376552 0.0741907
0 0.184927 0.32021 0.0678843 0.0685464
0 0.130666 0.773482 0.0734137 0.0672505
0 0.133783 0.917131 0.0715436 0.0720348
0 0.375623 0.63127 0.0689609 0.0689676
0 0.437518 0.66092 0.0699415 0.0697114
0 0.367041 0.0698865 0.0661576 0.0675662
0 0.123968 0.286846 0.0703875 0.0710894
0 0.248944 0.565927 0.0711591 0.0701728
0 0.499595 0.697044 0.0696458 0.0702671
0 0.0174202 0.358233 0.0348404 0.0701415
0 0.492406 0.342554 0.0702848 0.0727817
0 0.187308 0.531506 0.0704463 0.0703075
0 0.675752 0.528442 0.068272 0.0652725
0 0.0640388 0.53309 0.0758555 0.0744683
0 0.316295 0.880072 0.0717093 0.0720122
0 0.127342 0.568554 0.0725343 0.0713273
0 0.245411 0.0179469 0.0725634 0.0358938
0 0.256285 0.842989 0.0727404 0.0713904
0 0.624363 0.911426 0.065259 0.0674615
0 0.365599 0.349597 0.0674331 0.0623316
0 0.801337 0.807214 0.0708015 0.0676575
0 0.189438 0.60129 0.0703166 0.0691159
0 0.559894 0.872035 0.0750465 0.0705585
0 0.368371 0.01725 0.0665646 0.0345
0 0.501001 0.914151 0.0689862 0.069561
0 0.373063 0.562128 0.0714244 0.0691503
0 0.0197947 0.500327 0.0395894 0.0702027
0 0.312299 0.599757 0.0707561 0.0678713
0 0.25357 0.975328 0.0727667 0.0493432
0 0.0226774 0.920262 0.0453548 0.0742505
0 0.499503 0.97381 0.0753658 0.0523806
0 0.821897 0.981778 0.0732803 0.0364445
0 0.132391 0.977387 0.0697221 0.0452255
0 0.945358 0.978699 0.0734921 0.0425993
0 0.427708 0.387398 0.0696951 0.0697028
0 0.378102 0.974991 0.0746127 0.0500187
0 0.819279 0.868042 0.0681598 0.0611291
0 0.433937 0.453733 0.0749179 0.0686363
0 0.971522 0.28205 0.0569551 0.0752676
0 0.243108 0.42218 0.0654957 0.069599
0 0.0223868 0.977901 0.0447737 0.0441681
0 0.0153143 0.0221526 0.0306286 0.0430152
0 0.634448 0.0266613 0.0800666 0.0512731
0 0.750517 0.0251719 0.0838464 0.0465557
0 0.669623 0.11006 0.066169 0.0685436
0 0.733557 0.0753346 0.0703056 0.0710193
0 0.373578 0.49246 0.0712907 0.0705578
0 0.018652 0.215228 0.037304 0.0679396
0 0.821212 0.474474 0.0730309 0.0708053
0 0.985221 0.871805 0.027853 0.0645118
0 0.565316 0.984406 0.0791166 0.0311882
0 0.493984 0.149694 0.0671007 0.062955
0 0.664326 0.0525433 0.085654 0.0782949
0 0.945693 0.893732 0.0726326 0.0752072
0 0.867332 0.41253 0.0718216 0.0797861
0 0.985474 0.924079 0.0272367 0.0662878
0 0.677836 0.402229 0.0673535 0.0617819
