0 0.54567 0.359716 0.0732133 0.279487
0 0.668305 0.639586 0.0708406 0.279496
0 0.607484 0.496904 0.0664349 0.261144
0 0.669922 0.123777 0.0665944 0.247554
0 0.107119 0.739157 0.0714202 0.254998
0 0.353585 0.754795 0.0740811 0.283269
0 0.476841 0.747638 0.0731268 0.25585
0 0.480378 0.488065 0.0721674 0.282245
0 0.354321 0.466421 0.0702442 0.253211
0 0.170616 0.621378 0.0674561 0.263053
0 0.293855 0.34467 0.0693904 0.256362
0 0.230411 0.744876 0.0710374 0.252999
0 0.416712 0.621633 0.0722295 0.28154
0 0.609112 0.246131 0.0656488 0.258468
0 0.854192 0.782341 0.071084 0.267124
0 0.0130453 0.761699 0.0254605 0.262885
0 0.108665 0.484453 0.069113 0.261446
0 0.170495 0.352606 0.0656137 0.247328
0 0.23135 0.48774 0.070404 0.276092
0 0.045166 0.620024 0.0695803 0.260125
0 0.729168 0.520083 0.0723182 0.267189
0 0.793229 0.384497 0.0709789 0.289566
0 0.792372 0.652137 0.0726544 0.262867
0 0.854114 0.525795 0.0733511 0.264138
0 0.23042 0.235015 0.0698231 0.249792
0 0.291898 0.624931 0.0706868 0.262187
0 0.85599 0.248372 0.0722175 0.281706
0 0.045484 0.361733 0.0707046 0.26199
0 0.915602 0.654345 0.074574 0.27667
0 0.729893 0.252593 0.0704355 0.263
0 0.353923 0.216011 0.071334 0.268027
0 0.730616 0.787029 0.0696142 0.271338
0 0.0453444 0.869177 0.0658657 0.215758
0 0.11029 0.236439 0.0676271 0.250354
0 0.117405 0.426753 0.0802515 0.293025
0 0.917407 0.387289 0.0667785 0.266723
0 0.169906 0.873862 0.066676 0.238133
0 0.554852 0.317787 0.0751998 0.315444
0 0.55998 0.380582 0.0905098 0.29189
0 0.291468 0.869446 0.0700493 0.23245
0 0.973765 0.77895 0.0520247 0.236736
0 0.793087 0.131867 0.0704868 0.242705
0 0.0448416 0.124318 0.0711407 0.241546
0 0.545341 0.133138 0.070667 0.213447
0 0.17033 0.12957 0.0639482 0.219472
0 0.0405574 0.595727 0.0786673 0.335233
0 0.09678 0.531467 0.0949476 0.346258
0 0.414662 0.128096 0.0723639 0.256192
0 0.0677925 0.402053 0.0984691 0.330659
0 0.0357335 0.719743 0.0699623 0.310834
0 0.792508 0.880267 0.0702386 0.208521
0 0.583575 0.223032 0.0559728 0.249771
0 0.0426249 0.386242 0.0831719 0.334218
0 0.114818 0.197313 0.0704091 0.280176
0 0.918462 0.121376 0.064661 0.231184
0 0.917755 0.891003 0.0744765 0.217995
0 0.891083 0.177576 0.0589505 0.285596
