0 0.73497 0.131537 0.064147 0.0723724
0 0.738641 0.0126375 0.0609795 0.025275
0 0.977672 0.639015 0.0446553 0.0716593
0 0.930227 0.601909 0.0666291 0.071625
0 0.979252 0.851068 0.0414957 0.0703912
0 0.304459 0.103266 0.0710684 0.073115
0 0.797001 0.0295273 0.066596 0.0590546
0 0.796213 0.101382 0.0683451 0.075326
0 0.125279 0.35912 0.0673867 0.0680937
0 0.123625 0.214109 0.0750606 0.0754888
0 0.253692 0.426122 0.0730857 0.0703902
0 0.0245781 0.784475 0.0491563 0.0720732
0 0.931132 0.957145 0.0741084 0.0701032
0 0.249564 0.281902 0.0733645 0.0696697
0 0.257187 0.569814 0.072779 0.0736756
0 0.313141 0.389305 0.0694184 0.0684927
0 0.130756 0.705882 0.070093 0.0706462
0 0.138507 0.925461 0.0687509 0.0707088
0 0.193226 0.605006 0.0709809 0.0709566
0 0.0763584 0.819248 0.0678963 0.0709243
0 0.0781346 0.960202 0.0664657 0.0673115
0 0.381635 0.708255 0.0723358 0.0704651
0 0.0249227 0.929921 0.0498455 0.0681591
0 0.859847 0.0611347 0.0702577 0.0776126
0 0.977405 0.423986 0.0451901 0.0718129
0 0.737362 0.206481 0.067898 0.0719975
0 0.0762711 0.891813 0.0683126 0.0726537
0 0.19987 0.9599 0.069024 0.0687492
0 0.0651024 0.458528 0.0680744 0.0678396
0 0.259975 0.855732 0.0714544 0.0736989
0 0.381225 0.781119 0.0737144 0.0690498
0 0.37004 0.35683 0.0716217 0.0724694
0 0.441285 0.674124 0.0688444 0.0684403
0 0.446031 0.956118 0.0710077 0.0716827
0 0.185841 0.392723 0.0708955 0.0686823
0 0.319128 0.820005 0.0698131 0.0714483
0 0.740404 0.353264 0.0691857 0.0710049
0 0.0246393 0.857827 0.0492785 0.0747743
0 0.490523 0.137948 0.0681905 0.0701759
0 0.97608 0.208428 0.047841 0.0711707
0 0.567953 0.888264 0.0732708 0.0692229
0 0.79848 0.173094 0.0683179 0.0702927
0 0.319798 0.889283 0.0725068 0.0725911
0 0.809861 0.673591 0.0716815 0.0697345
0 0.742661 0.423204 0.0699478 0.068849
0 0.931227 0.886878 0.0656679 0.0660882
0 0.372771 0.14247 0.0780481 0.0723596
0 0.872989 0.639217 0.072335 0.0691559
0 0.0664419 0.392254 0.069267 0.069175
0 0.139959 0.979864 0.0697906 0.0402712
0 0.690297 0.957234 0.0710461 0.0708525
0 0.555377 0.391097 0.0702944 0.0697407
0 0.567868 0.957528 0.0714426 0.0717298
0 0.562982 0.675028 0.0750799 0.0705283
0 0.867433 0.708665 0.0665603 0.0671941
0 0.803761 0.457488 0.0697154 0.0696716
0 0.74838 0.709107 0.0754409 0.0701594
0 0.385171 0.923785 0.0711805 0.0703032
0 0.927349 0.386967 0.0693295 0.0714869
0 0.198446 0.891606 0.0711522 0.0723655
0 0.676652 0.0975639 0.0683911 0.0709127
0 0.615698 0.206274 0.0709811 0.0714628
0 0.976076 0.134288 0.0478475 0.0718075
0 0.550917 0.0997714 0.0684328 0.0701023
0 0.0627498 0.180178 0.0743005 0.0724209
0 0.494784 0.424777 0.0728244 0.0694944
0 0.432868 0.175149 0.0705341 0.068109
0 0.13618 0.855025 0.0710098 0.0716599
0 0.0713082 0.674121 0.0707645 0.0717337
0 0.127536 0.495119 0.0730277 0.0682557
0 0.6862 0.673875 0.0760241 0.0698106
0 0.861341 0.14081 0.0714443 0.0748692
0 0.489086 0.0627671 0.0691657 0.0712369
0 0.379078 0.641122 0.074198 0.0674971
0 0.554317 0.317844 0.0695598 0.0706875
0 0.92198 0.0294191 0.0683508 0.0588382
0 0.618632 0.424847 0.0722529 0.0703949
0 0.679993 0.385932 0.0705895 0.0723782
0 0.195779 0.745037 0.0730226 0.0718052
0 0.432088 0.392139 0.07426 0.070917
0 0.431039 0.104206 0.0671942 0.0733636
0 0.0593607 0.247203 0.0768252 0.0719512
0 0.30438 0.246996 0.071907 0.0693273
0 0.61438 0.13501 0.0701385 0.0700072
0 0.679176 0.0294161 0.0714278 0.0588322
0 0.75249 0.922694 0.0758524 0.0692319
0 0.384585 0.978531 0.0736315 0.0429382
0 0.135473 0.783161 0.0716643 0.0707132
0 0.676647 0.170678 0.068783 0.071334
0 0.550071 0.0314438 0.067528 0.0628876
0 0.926397 0.314254 0.0687799 0.069119
0 0.198193 0.819009 0.07312 0.0778358
0 0.812424 0.957174 0.0744964 0.0701787
0 0.366651 0.0655659 0.0703346 0.0738463
0 0.492225 0.207715 0.0695976 0.0702865
0 0.556649 0.45814 0.0703123 0.0681419
0 0.806675 0.529284 0.0677363 0.0704532
0 0.80903 0.603423 0.0694408 0.0713863
0 0.431188 0.319504 0.0681789 0.0709348
0 0.32282 0.959381 0.0707645 0.0696537
0 0.678592 0.245205 0.067147 0.0677758
0 0.925576 0.246493 0.0689192 0.0696085
0 0.974746 0.0575292 0.0505075 0.0756776
0 0.874034 0.922143 0.0739036 0.068831
0 0.493555 0.354984 0.0689343 0.0686991
0 0.186917 0.323778 0.0698746 0.0718002
0 0.682615 0.456942 0.0728083 0.0696759
0 0.252874 0.497134 0.0748165 0.0700183
0 0.74805 0.638723 0.0717614 0.0692028
0 0.976359 0.276019 0.0472813 0.0701922
0 0.683699 0.528765 0.0724826 0.0741365
0 0.928846 0.457334 0.0702826 0.0702497
0 0.0745175 0.74779 0.0681053 0.0701566
0 0.864689 0.34719 0.0684249 0.0674525
0 0.623053 0.63982 0.0730054 0.0706549
0 0.499884 0.707817 0.0737337 0.0678612
0 0.500348 0.639656 0.0737385 0.0679425
0 0.863679 0.280313 0.0689268 0.0684978
0 0.738702 0.278132 0.0676534 0.0700083
0 0.924171 0.0979115 0.0690954 0.074978
0 0.0628813 0.323366 0.073131 0.0727537
0 0.0226242 0.641509 0.0452483 0.0736358
0 0.552157 0.172365 0.0710183 0.0724383
0 0.431229 0.24522 0.0700032 0.0719212
0 0.439288 0.607806 0.0713359 0.0677369
0 0.801746 0.313471 0.0706388 0.0732008
0 0.93123 0.817496 0.0696284 0.0734708
0 0.0593095 0.106922 0.0704443 0.0700486
0 0.97702 0.349616 0.0459595 0.0756502
0 0.613333 0.0627278 0.0709 0.0723597
0 0.496673 0.490704 0.0753759 0.0696162
0 0.020659 0.360956 0.041318 0.0719777
0 0.426933 0.0317866 0.0681597 0.0635732
0 0.812478 0.888719 0.0705588 0.0683783
0 0.929481 0.530251 0.0684085 0.06953
0 0.617176 0.279163 0.0705156 0.0712183
0 0.259512 0.782724 0.0712172 0.07072
0 0.800199 0.243465 0.0687058 0.070495
0 0.303746 0.0319697 0.0681287 0.0639394
0 0.803899 0.387073 0.068799 0.0695506
0 0.678855 0.312579 0.0675745 0.0683264
0 0.371354 0.280336 0.0731195 0.0736349
0 0.131505 0.639417 0.0686577 0.0644958
0 0.617655 0.349743 0.0687896 0.0711919
0 0.924984 0.173426 0.0703788 0.0739298
0 0.866335 0.495448 0.0696275 0.0716586
0 0.869548 0.779652 0.0682095 0.0704155
0 0.623505 0.707344 0.0758429 0.0699836
0 0.619912 0.492306 0.0745502 0.068518
0 0.97839 0.782177 0.04322 0.0753189
0 0.691273 0.887943 0.0727913 0.0689906
0 0.686951 0.60338 0.0748591 0.0726068
0 0.0214615 0.49722 0.0429231 0.07235
0 0.13132 0.570368 0.0756469 0.0772848
0 0.506805 0.922174 0.0736442 0.0679876
0 0.811108 0.739752 0.0715256 0.0687982
0 0.862079 0.209704 0.068711 0.0664523
0 0.554133 0.245321 0.0688326 0.072416
0 0.871104 0.85194 0.0693057 0.069226
0 0.500052 0.568315 0.0725774 0.070761
0 0.310818 0.316949 0.0696572 0.0742915
0 0.869615 0.566484 0.0701032 0.0704622
0 0.023642 0.712829 0.047284 0.0718498
0 0.0209828 0.570152 0.0419656 0.0728319
0 0.866038 0.421797 0.0721987 0.0737202
0 0.687855 0.746835 0.0720705 0.0710821
0 0.978978 0.707828 0.0420438 0.0664909
0 0.752208 0.852753 0.0722718 0.0713997
0 0.97745 0.493569 0.0451 0.0692664
0 0.743853 0.490993 0.0702777 0.067982
0 0.928467 0.744505 0.0684043 0.0707238
0 0.0692557 0.604782 0.0730882 0.0707603
0 0.748523 0.567022 0.0723927 0.0730869
0 0.190318 0.531538 0.0780166 0.0759902
0 0.319133 0.746639 0.0704038 0.0736778
0 0.566536 0.819158 0.0741317 0.0736063
0 0.563268 0.742577 0.0735211 0.068857
0 0.0566564 0.0360495 0.0686649 0.0655133
0 0.812277 0.817507 0.0689433 0.0715601
0 0.629882 0.854174 0.0699153 0.0687406
0 0.493562 0.283304 0.0698963 0.0721786
0 0.626454 0.780977 0.0759659 0.0729744
0 0.0177122 0.286764 0.0354243 0.0756391
0 0.313637 0.535594 0.067852 0.0738703
0 0.0663937 0.532247 0.0765578 0.0793087
0 0.630623 0.92191 0.0759168 0.0692514
0 0.0178806 0.142894 0.0357611 0.0741091
0 0.0165578 0.0697648 0.0331157 0.0681478
0 0.689638 0.817804 0.0718987 0.0711334
0 0.0214151 0.430294 0.0428302 0.0666504
0 0.318973 0.674807 0.0705953 0.0705612
0 0.873912 0.977939 0.0735986 0.044121
0 0.750086 0.778427 0.0757844 0.0696335
0 0.365715 0.0136883 0.0685806 0.0273766
0 0.978072 0.563958 0.0438559 0.0766225
0 0.119975 0.071624 0.0726921 0.0711026
0 0.259972 0.980103 0.0732244 0.0397941
0 0.1889 0.458795 0.0720294 0.0670483
0 0.624705 0.565281 0.0718201 0.0717652
0 0.258156 0.708107 0.0709544 0.0706546
0 0.317286 0.606723 0.0715549 0.0712318
0 0.24114 0.210152 0.0719422 0.0727885
0 0.377461 0.572912 0.0771039 0.0740438
0 0.0268532 0.981436 0.0516303 0.0371273
0 0.613694 0.012352 0.0696058 0.024704
0 0.564096 0.602603 0.0720541 0.0773811
0 0.374081 0.207157 0.0719162 0.0679567
0 0.629642 0.979655 0.0737824 0.0406891
0 0.502319 0.85315 0.0749879 0.0727292
0 0.014723 0.0180511 0.029446 0.0361022
0 0.752291 0.979496 0.0752628 0.0410082
0 0.489902 0.0133665 0.0687616 0.026733
0 0.977993 0.982088 0.0440148 0.0358237
0 0.860322 0.0115488 0.0684583 0.0230975
0 0.37827 0.591603 0.0692453 0.0596423
0 0.803287 0.0240303 0.0673356 0.0480605
0 0.445039 0.888903 0.068799 0.0679085
0 0.433536 0.458033 0.0763425 0.0690325
0 0.498687 0.774757 0.0781716 0.0705073
0 0.259988 0.925049 0.07031 0.0694951
0 0.132817 0.587853 0.0710208 0.0621294
0 0.119929 0.0190275 0.0719476 0.0354941
0 0.840221 0.0428925 0.0963583 0.0805856
0 0.243166 0.140439 0.0721128 0.0697751
0 0.973946 0.0114658 0.04888 0.0229317
0 0.244268 0.0653995 0.0761612 0.0801932
0 0.058904 0.80101 0.104607 0.0818357
0 0.506219 0.979829 0.0738177 0.0403411
0 0.775083 0.0165948 0.100143 0.0331897
0 0.119507 0.141765 0.0652877 0.0699438
0 0.0909132 0.943525 0.0844641 0.091833
0 0.877349 0.0180419 0.0765979 0.0360837
0 0.931799 0.0197888 0.0756037 0.0395776
0 0.0690746 0.762769 0.0806145 0.0921397
