0 0.24015 0.512903 0.0674669 0.254697
0 0.863719 0.780058 0.0707128 0.263096
0 0.491761 0.780729 0.0697217 0.261036
0 0.365325 0.775914 0.071328 0.261512
0 0.674482 0.651053 0.0691997 0.269275
0 0.612234 0.782633 0.0687346 0.260171
0 0.976445 0.789171 0.0471102 0.258999
0 0.302322 0.64861 0.0710331 0.257924
0 0.551928 0.652963 0.0684118 0.264764
0 0.926121 0.658095 0.0691288 0.259642
0 0.801724 0.639506 0.0696788 0.269666
0 0.738599 0.505083 0.0700076 0.255748
0 0.613228 0.508664 0.0683584 0.263736
0 0.863619 0.513567 0.0699848 0.256467
0 0.801144 0.385909 0.068783 0.247972
0 0.115417 0.787316 0.0731432 0.271387
0 0.0144962 0.795771 0.0289923 0.249041
0 0.739468 0.251425 0.067436 0.255471
0 0.676565 0.383363 0.0699327 0.258956
0 0.178663 0.650554 0.0712058 0.26338
0 0.302242 0.387494 0.0703415 0.260134
0 0.614233 0.248389 0.0691481 0.260027
0 0.9765 0.52182 0.0470006 0.244809
0 0.976859 0.272872 0.0462822 0.266172
0 0.927321 0.396818 0.0675374 0.260879
0 0.431145 0.65526 0.0735657 0.272076
0 0.366362 0.507593 0.0711087 0.258198
0 0.738728 0.783519 0.0738547 0.281968
0 0.55367 0.39078 0.0671659 0.24651
0 0.178104 0.36996 0.0704466 0.250886
0 0.0538012 0.387357 0.0682659 0.240271
0 0.864478 0.259842 0.0696751 0.258733
0 0.115479 0.516517 0.0693975 0.255839
0 0.052056 0.659265 0.0721727 0.278222
0 0.493613 0.513872 0.0675657 0.254282
0 0.240295 0.263368 0.0681674 0.252697
0 0.494354 0.26953 0.0673361 0.252155
0 0.431914 0.383949 0.0706235 0.248123
0 0.0151029 0.532581 0.0302058 0.2625
0 0.117081 0.26485 0.0686136 0.25205
0 0.304832 0.131504 0.069488 0.251896
0 0.368637 0.248378 0.0703977 0.248547
0 0.0163476 0.276903 0.0326953 0.252967
0 0.80112 0.126849 0.0682082 0.253699
0 0.0582528 0.140408 0.0696975 0.256779
0 0.927048 0.131547 0.0665905 0.256621
0 0.553895 0.130243 0.0685744 0.260487
0 0.434408 0.13577 0.0740716 0.264783
0 0.678465 0.125837 0.0694243 0.251675
0 0.182626 0.144025 0.0717016 0.237101
0 0.551666 0.889295 0.0700955 0.219041
0 0.42973 0.892018 0.0741204 0.215964
0 0.802826 0.889277 0.0731289 0.221447
0 0.0537395 0.897892 0.0718255 0.204217
0 0.178977 0.880763 0.0726513 0.210331
0 0.927171 0.891216 0.0723107 0.217567
0 0.67492 0.887993 0.0723184 0.224015
