0 0.510793 0.867648 0.0695796 0.0733242
0 0.205053 0.69569 0.0668689 0.070663
0 0.573751 0.761463 0.0702796 0.0727904
0 0.389424 0.656903 0.0712117 0.0778089
0 0.146579 0.873141 0.068284 0.0714933
0 0.386613 0.787723 0.072625 0.0759753
0 0.565035 0.253259 0.0660841 0.0669529
0 0.452258 0.909352 0.0659314 0.0711012
0 0.983313 0.219318 0.0333745 0.0741526
0 0.450904 0.972335 0.0647521 0.0538316
0 0.505148 0.357942 0.0663927 0.0689566
0 0.0239389 0.518373 0.0478777 0.0694492
0 0.325256 0.759689 0.0651506 0.0631487
0 0.511465 0.797119 0.069124 0.0704861
0 0.695598 0.618979 0.0705147 0.0732422
0 0.265416 0.871662 0.0649208 0.0741365
0 0.697977 0.89897 0.0711818 0.074368
0 0.325831 0.616617 0.0685709 0.070268
0 0.265751 0.731551 0.0685318 0.0759522
0 0.327518 0.910494 0.0710742 0.0809997
0 0.758933 0.936626 0.0709717 0.0734186
0 0.452098 0.690927 0.0683324 0.0740595
0 0.391501 0.945566 0.0685991 0.0779207
0 0.450667 0.762027 0.0691949 0.0683928
0 0.265459 0.585777 0.0664844 0.0692475
0 0.752818 0.360081 0.070155 0.0726465
0 0.202374 0.621898 0.0701292 0.0768249
0 0.136677 0.519394 0.071476 0.0685786
0 0.562858 0.114242 0.070837 0.065833
0 0.264912 0.655807 0.0665172 0.071833
0 0.633763 0.654825 0.0715036 0.0735519
0 0.452735 0.618917 0.0669692 0.0686949
0 0.634817 0.940712 0.0707839 0.0701323
0 0.820786 0.896143 0.0697348 0.0704862
0 0.145156 0.733977 0.0700316 0.0709047
0 0.450921 0.83131 0.069124 0.0715132
0 0.817048 0.397505 0.0704424 0.0682746
0 0.0228731 0.36425 0.0457462 0.0675326
0 0.511571 0.581337 0.0697109 0.0713696
0 0.880225 0.858858 0.069653 0.0697385
0 0.20425 0.837447 0.0643246 0.0641356
0 0.981252 0.0733898 0.0374959 0.0708031
0 0.391009 0.868072 0.0684108 0.0773644
0 0.502524 0.146953 0.0699141 0.0709931
0 0.813395 0.112875 0.0749662 0.0693
0 0.633757 0.723473 0.0677316 0.0683794
0 0.0776092 0.551815 0.067048 0.0696735
0 0.19612 0.393067 0.0726175 0.0732136
0 0.447308 0.394104 0.071212 0.0716217
0 0.259204 0.360439 0.0710009 0.0713313
0 0.513281 0.655648 0.0689481 0.0747662
0 0.0716649 0.393159 0.0712389 0.0718374
0 0.0826975 0.69884 0.069083 0.0705897
0 0.574022 0.907543 0.0710771 0.0761278
0 0.512244 0.727831 0.0708307 0.0700417
0 0.756819 0.726246 0.0715714 0.077823
0 0.983135 0.790126 0.0337291 0.0712889
0 0.935761 0.552078 0.0771072 0.0733532
0 0.635315 0.867542 0.0719178 0.0727041
0 0.506332 0.290625 0.0690247 0.0674455
0 0.573 0.616663 0.0697184 0.071337
0 0.980404 0.586462 0.0391926 0.0676432
0 0.133284 0.4276 0.0703827 0.0706281
0 0.634511 0.582653 0.0712516 0.0716549
0 0.144824 0.802919 0.06802 0.0665655
0 0.750443 0.147329 0.0726315 0.0705332
0 0.750617 0.0795089 0.0740814 0.0682385
0 0.378005 0.0246666 0.0734886 0.0493331
0 0.139738 0.58567 0.0664429 0.0680561
0 0.0293167 0.737321 0.0586333 0.0725839
0 0.634575 0.796772 0.0699086 0.0715575
0 0.697303 0.763129 0.0679104 0.0689816
0 0.501231 0.0803778 0.0683421 0.0676042
0 0.128657 0.0804531 0.0727958 0.0697009
0 0.0330061 0.946271 0.0660122 0.0712031
0 0.0257825 0.589192 0.0515651 0.0750917
0 0.0674384 0.0486732 0.0716378 0.0666952
0 0.320966 0.393137 0.0704852 0.0700318
0 0.128349 0.0242384 0.078217 0.0484768
0 0.573425 0.692287 0.0709794 0.0685482
0 0.445931 0.323314 0.0734137 0.0734488
0 0.0285693 0.660363 0.0571386 0.0759677
0 0.0815709 0.625172 0.0686427 0.0722837
0 0.0215249 0.0841238 0.0430498 0.0677919
0 0.257491 0.291176 0.0736781 0.0721611
0 0.934694 0.400649 0.0777168 0.0750562
0 0.201581 0.550644 0.0729083 0.0730016
0 0.500064 0.0249883 0.0693958 0.0499766
0 0.378051 0.0807911 0.0727843 0.0697557
0 0.690255 0.113485 0.0722033 0.0704366
0 0.315406 0.112978 0.0737034 0.0685132
0 0.0906512 0.915115 0.0704002 0.0711732
0 0.083436 0.768534 0.0701474 0.0697784
0 0.750435 0.023857 0.0719939 0.047714
0 0.191382 0.0461045 0.0746587 0.0696495
0 0.815482 0.619211 0.0717468 0.0660894
0 0.143824 0.660305 0.0674234 0.0699127
0 0.440538 0.0467237 0.0761474 0.0694023
0 0.0681925 0.113202 0.0695886 0.0683783
0 0.936526 0.686585 0.0734403 0.0693922
0 0.813542 0.0433701 0.0767287 0.0717628
0 0.252597 0.023122 0.0742741 0.046236
0 0.321084 0.325745 0.0726994 0.0722001
0 0.195549 0.323071 0.0730364 0.069927
0 0.316202 0.0457201 0.0754398 0.0683617
0 0.0691856 0.180648 0.0714399 0.0700622
0 0.0228352 0.433733 0.0456703 0.074694
0 0.25412 0.0786985 0.0723182 0.0710079
0 0.940173 0.893882 0.0748842 0.0697713
0 0.937884 0.109653 0.0738122 0.0688459
0 0.0193433 0.0252912 0.0386866 0.0505824
0 0.503935 0.222089 0.0700675 0.0673869
0 0.693823 0.324866 0.073048 0.0708287
0 0.754661 0.583508 0.0706608 0.0677
0 0.44935 0.550402 0.0700024 0.0696583
0 0.877361 0.0760884 0.07409 0.0684852
0 0.0702858 0.32386 0.072065 0.0669732
0 0.942149 0.825508 0.072412 0.0682588
0 0.383724 0.358774 0.0738137 0.0728252
0 0.880622 0.791279 0.0721545 0.0700305
0 0.981997 0.0192219 0.0360067 0.0384438
0 0.132571 0.357839 0.0729439 0.0744088
0 0.688962 0.0446471 0.0733786 0.0688013
0 0.753867 0.290664 0.0694493 0.0683776
0 0.254174 0.147574 0.0719848 0.0691958
0 0.376845 0.147774 0.0750105 0.0681745
0 0.980661 0.930941 0.0386782 0.0688641
0 0.128519 0.147333 0.0744208 0.0695466
0 0.31667 0.180766 0.0740364 0.0677623
0 0.633357 0.359738 0.0709414 0.0717651
0 0.3252 0.692867 0.070704 0.0781407
0 0.440444 0.114481 0.0742874 0.0691875
0 0.877052 0.021212 0.073964 0.041265
0 0.0853316 0.840366 0.069492 0.0732045
0 0.319531 0.255063 0.073259 0.0704321
0 0.939192 0.180309 0.0767305 0.0744042
0 0.0306652 0.87633 0.0613304 0.0740101
0 0.0689538 0.257044 0.0739583 0.072214
0 0.751168 0.220538 0.0730171 0.0684286
0 0.383282 0.289544 0.0740448 0.0736444
0 0.441529 0.184063 0.0750413 0.0692242
0 0.756742 0.649896 0.0710125 0.0686911
0 0.194091 0.255555 0.0722123 0.0703225
0 0.192733 0.184909 0.0732829 0.0648875
0 0.380224 0.217526 0.0745395 0.0718882
0 0.0307741 0.803045 0.0615483 0.0677681
0 0.876304 0.143886 0.0755544 0.0712734
0 0.255914 0.219732 0.0729226 0.0706808
0 0.132079 0.28842 0.0739493 0.0686727
0 0.817736 0.68916 0.0737327 0.0746937
0 0.982043 0.146163 0.0358899 0.0712826
0 0.445026 0.255102 0.07322 0.0678803
0 0.938964 0.0409109 0.0693824 0.0654665
0 0.325555 0.548885 0.0605237 0.0674404
0 0.571037 0.968823 0.0755481 0.0623438
0 0.821236 0.831489 0.0690753 0.0686582
0 0.691941 0.256916 0.0711384 0.0710018
0 0.983798 0.860845 0.0324037 0.0710955
0 0.131392 0.221561 0.0743351 0.0724859
0 0.0220151 0.290638 0.0440301 0.0740612
0 0.939796 0.755763 0.0698342 0.0687108
0 0.1914 0.115894 0.0767321 0.068804
0 0.878896 0.723126 0.0724282 0.0705495
0 0.021281 0.220542 0.042562 0.0720425
0 0.818631 0.759101 0.0712483 0.0660551
0 0.935366 0.961226 0.0724669 0.0701295
0 0.68833 0.184784 0.0775435 0.0719848
0 0.627913 0.148283 0.0775263 0.0690025
0 0.874379 0.65112 0.0669851 0.0674458
0 0.0914035 0.973939 0.0738848 0.0521224
0 0.62852 0.0778036 0.0782492 0.070606
0 0.0221714 0.150742 0.0443428 0.0717473
0 0.27588 0.504213 0.0794106 0.0891671
0 0.166256 0.654045 0.103527 0.0883811
0 0.571745 0.544904 0.071974 0.0740588
0 0.983385 0.36153 0.0332297 0.0689263
0 0.626809 0.0215264 0.0650418 0.0430529
0 0.631313 0.290791 0.07305 0.0715303
0 0.982539 0.51094 0.0349226 0.0756736
0 0.692297 0.550798 0.0633969 0.0635092
0 0.760051 0.861605 0.0701447 0.0717796
0 0.983099 0.649709 0.0338022 0.0711899
0 0.20613 0.90885 0.0678005 0.0735211
0 0.93924 0.255853 0.0779414 0.0762325
0 0.63451 0.988014 0.0659288 0.0239726
0 0.272596 0.578838 0.0771431 0.0663264
0 0.875064 0.584344 0.0679023 0.0693793
0 0.978935 0.982819 0.0421305 0.034362
0 0.0282234 0.578488 0.0564467 0.0818286
0 0.693855 0.39144 0.0699615 0.0672996
0 0.81268 0.252225 0.0693028 0.0681285
0 0.207418 0.610619 0.079023 0.0913554
0 0.757265 0.985841 0.0735333 0.0283177
0 0.875583 0.36475 0.0697789 0.0723773
0 0.631864 0.510044 0.0703297 0.0772094
0 0.0840801 0.744782 0.0679711 0.0677543
0 0.278286 0.732093 0.0887901 0.0851358
0 0.568688 0.393094 0.0710042 0.070831
0 0.382957 0.427237 0.0738572 0.0718603
0 0.416116 0.938075 0.112787 0.0950041
0 0.0651085 0.0166201 0.0669329 0.0330541
0 0.0721006 0.381334 0.0694818 0.0672109
0 0.321827 0.339377 0.0714065 0.0657018
0 0.384641 0.647036 0.0678959 0.0589612
0 0.5085 0.512357 0.0714595 0.0690727
0 0.63449 0.523573 0.0681186 0.0584544
